Cosine Similarity Interesting Examples

1. 1663,2269,0.38258641312726566,0.9861818262204289,0.6035954130931633 (Let's verify this) They don't work okay.

# Traj Ids for 1663

1222		
706
432
1115
1194
886
297
1107
485
314
981
1094
634
933
373
508
794
412
704
888
489
323
899
523
910
502
287
627
310
889
831
644
811
630
669
630

# Traj Ids for 2269

891

two more nodes:

2. 1678, 1862, 0.30008466758339913,0.9954239416740762,0.6953392740906771

# Traj Ids for 1862

1209
489
903
704
488
888
502
287
627
545
778
485
811
889
644
669
1153
292
1107
806
696
946
933
373
412
356
744

# Traj Ids for 1678

979
709
960
816
619
787
254
737
455
642
947
737
455
391
986
1007
947
775
1179
692
1231
296
273
935
296
273
711
558
890
980
1218
1174

two more cell nodes:

3. 1779,2323,0.41497232721484717,0.9873226479370565,0.5723503207222094

Traj Ids for 1779

1119
373
935
810
1033
491
680
373
810
1033
883
638
1007
692
1028
1192
296
923
1137
1172
1016
944
877
890
568
543
273
352
980
1156
493
286
764
944
383
256
1052
1145
420
1147
448
449
578
683
511
832
449
448
745
261
978
500
448
459
316
338
664
796
338
659
793
544
1064
659
559



#Traj Ids for 2323

275
611
278
722
1176
536
712
1158
1189


### Examples after changing paramter --iter to 9. Number of epochs in SGD. ###

1. 1780,1809,0.4862701390270177,0.7179275833611282,0.23165744433411045

# Traj Ids for 1780

339
821
1173
373
691
810
1033
935
638
491
680
1007
883
692
923
1192
1137
1172
296
1016
568
352
944
273
890
1145
493
1156
980
286
543
256
798
383
1052
1147
578
664
511
832
261
420
449
683
745
448
978
500
316
793
559
793
459

# Traj Ids for 1809

298
1052
1181
929
386
645
544
322
725
674
651
937
500
866
247
900
762
824
1032
969
637
549
903


2. 1470,1495,0.20640241088029015,0.9378213724052655,0.7314189615249753

# Traj Ids for 1470

594
571
-- 910
963
963
-- 886
975

# Traj Ids for 1495

297
412
1136
323
432
1222
314
1194
721
-- 886
-- 910
981
1094
888
704
831
630

3. 1470,2380,0.3493586467951413,0.7406014918926859,0.3912428450975446


### Examples after introducing k perturbations and changing --window-size to 20. ###

1. 1361,1695,0.3588159898771697,0.7193271694787909,0.3605111796016212


# Traj ids for 1361

-- 297
1136
-- 314
1194
1222
981
-- 1094
-- 831
630

# Traj Ids for 1695

-- 297
-- 314
-- 1094
706
485
1107
1115
794
933
704
888
489
373
899
523
412
508
502
310
323
287
627
910
889
644
811
669
-- 831

2. 1328,1462,0.4076002989521345,0.9333824991977535,0.525782200245619

# Traj Ids for 1328

-- 297
-- 314
-- 1136
-- 1194
-- 831
-- 981
-- 1222
-- 1094
-- 630

# Traj Ids for 1426

412
323
-- 297
-- 1136
910
-- 314
432
-- 1194
-- 1222
886
-- 981
721
-- 1094
888
-- 831
704
-- 630


### Examples after comparing between real model and null-real model.

1328,1729,0.16035658778340242,0.7390208751654382,0.5786642873820358

# Traj ids for 1328

-- 297
-- 314
1136
1194
-- 831
-- 981
1222
-- 1094
630

# Traj Ids for 1729

-- 981
-- 297
-- 314
-- 1094
706
485
794
1107
704
899
489
888
523
1115
933
373
310
502
287
627
412
323
508
889
811
644
601
910
669
1224
-- 831
465


### Examples after comparing between real model and null model.

1328,1729,0.41591700701077655,0.7390208751654382,0.3231038681546617



### Focusing on -ve cosine similarity. Real and Intermediate Model ###

1742,1744,-0.11859098354176886,0.9559918662071212,1.07458284974889

# Traj id 1742

373
1019
1033
638
493
286
764
448
1137
1016
1172
578
449
832
568
352
944
338
796
261
659


### Focusing on -ve cosine similarity. Real and Null Model ###

1742,1744,0.9001673212924675,0.9559918662071212,0.05582454491465372

### examples to look into ###

1741,2444,0.38319255979806477,-0.03015254443040522,0.41334510422847
1741,2445,0.3624618826419413,-0.030649799829594468,0.3931116824715358


### Focusing on removing -ve cosine similarity

560,854,0.25928987717844443,less,less


### New nodes after correcting intermediate model.

1001,1202,0.22805336376336,0.5789671642494911,0.35091380048613113

 





















