Id Coordinates
0 43.7292169,-79.4901472
1 43.733187,-79.491159
2 43.7308278,-79.5048769
3 43.7305073,-79.4834393
4 43.7312289,-79.4834113
5 43.7280451,-79.4824204
6 43.7362101,-79.4880864
7 43.7344927,-79.5118266
8 43.7341062,-79.4850724
9 43.7312146,-79.4893096
10 43.726998,-79.5100758
11 43.7265447,-79.4830596
12 43.7266722,-79.4831255
13 43.7272696,-79.4853451
14 43.737447,-79.5055916
15 43.7282608,-79.4838721
16 43.7340477,-79.4932341
17 43.7346488,-79.4839353
18 43.7346488,-79.4839353
19 43.7346488,-79.4839353
20 43.739521,-79.5119059
21 43.739744,-79.514338
22 43.7314365,-79.4930675
23 43.7392537,-79.5123766
24 43.7394289,-79.5141706
25 43.7331591,-79.4849972
26 43.7394978,-79.5112558
27 43.7374607,-79.5126365
28 43.7377403,-79.5080421
29 43.7275406,-79.4828571
30 43.7326161,-79.4831762
31 43.7320465,-79.4899689
32 43.7309297,-79.5047701
33 43.7319915,-79.4945462
34 43.7322302,-79.4994764
35 43.727429,-79.510333
36 43.7346488,-79.4839353
37 43.7265457,-79.5099596
38 43.7354635,-79.4865215
39 43.7323056,-79.4836774
40 43.731516,-79.492909
41 43.7392208,-79.4851079
42 43.7384343,-79.5049112
43 43.7361042,-79.5098299
44 43.734502,-79.511183
45 43.7292001,-79.5113996
46 43.729559,-79.482725
47 43.7396312,-79.514411
48 43.7286224,-79.4873362
49 43.7396312,-79.514411
50 43.7396312,-79.514411
51 43.7281474,-79.5029503
52 43.7378922,-79.4979006
53 43.72721,-79.5049066
54 43.7321466,-79.4851594
55 43.7275214,-79.4827801
56 43.7312833,-79.5111965
57 43.7369335,-79.4845115
58 43.7349767,-79.510133
59 43.733322,-79.483985
60 43.7372096,-79.512633
61 43.734875,-79.5119137
62 43.7284786,-79.5104294
63 43.7272708,-79.5071275
64 43.7319689,-79.511354
65 43.7321602,-79.5112786
66 43.7396491,-79.5143427
67 43.7372317,-79.5100428
68 43.726725,-79.505049
69 43.7266801,-79.4831334
70 43.7385143,-79.4982033
71 43.7397289,-79.5038337
72 43.7315402,-79.511135
73 43.7346477,-79.4839419
74 43.7267697,-79.5051254
75 43.7279277,-79.4853593
76 43.7270213,-79.4977879
77 43.731082,-79.482646
78 43.7324124,-79.5065167
79 43.734356,-79.483658
80 43.731451,-79.5025096
81 43.7295384,-79.4947579
82 43.7393907,-79.5121808
83 43.7333593,-79.4836389
84 43.733633,-79.48343
85 43.7270615,-79.4818135
86 43.726601,-79.483951
87 43.7396966,-79.514391
88 43.7346488,-79.4839353
89 43.734219,-79.4838434
90 43.7328715,-79.4861047
91 43.727451,-79.5062652
92 43.731357,-79.493226
93 43.7264182,-79.4849666
94 43.7264252,-79.4849332
95 43.7379565,-79.5041021
96 43.7283736,-79.4917414
97 43.7294674,-79.4822292
98 43.7296903,-79.5008645
99 43.7373228,-79.5040778
100 43.732306,-79.483677
101 43.7313329,-79.5089988
102 43.7396967,-79.5143904
103 43.7269575,-79.51234
104 43.7376181,-79.5020454
105 43.7305181,-79.4991961
106 43.728268,-79.5138751
107 43.7275406,-79.4828571
108 43.729582,-79.501485
109 43.7295215,-79.5098911
110 43.7375441,-79.4864214
111 43.727167,-79.481974
112 43.7350853,-79.4871981
113 43.732885,-79.4823135
114 43.7295816,-79.4943807
115 43.7295021,-79.4869199
116 43.7278333,-79.4891718
117 43.7312289,-79.4834113
118 43.7312289,-79.4834113
119 43.7312289,-79.4834113
120 43.7312289,-79.4834113
121 43.731229,-79.483411
122 43.7312289,-79.4834113
123 43.7312289,-79.4834113
124 43.7312289,-79.4834113
125 43.7304919,-79.4833247
126 43.727289,-79.481997
127 43.739485,-79.5120389
128 43.7343005,-79.4920079
129 43.7275247,-79.5102038
130 43.7383919,-79.4898828
131 43.7266714,-79.4831805
132 43.731082,-79.5041084
133 43.737038,-79.48466
134 43.7265686,-79.487507
135 43.727368,-79.514069
136 43.7327755,-79.5015257
137 43.731608,-79.4875668
138 43.7368857,-79.5079297
139 43.7394969,-79.5143565
140 43.730372,-79.4938746
141 43.730173,-79.498906
142 43.736424,-79.5111929
143 43.7345494,-79.4909453
144 43.7266924,-79.483115
145 43.7301219,-79.5098324
146 43.7321142,-79.5092748
147 43.7281502,-79.4908921
148 43.729414,-79.501824
149 43.7322922,-79.5025957
150 43.7330849,-79.4967567
151 43.7398498,-79.5103699
152 43.7272257,-79.4820703
153 43.7263104,-79.483865
154 43.7310824,-79.4826468
155 43.7337282,-79.4833404
156 43.7264551,-79.482977
157 43.7283603,-79.4834012
158 43.726454,-79.482355
159 43.730468,-79.483072
160 43.7275406,-79.4828571
161 43.7334443,-79.4833734
162 43.7336912,-79.4833404
163 43.7261061,-79.4820085
164 43.7305201,-79.4819964
165 43.7391184,-79.5017436
166 43.7263027,-79.4990521
167 43.7367522,-79.4843929
168 43.7355735,-79.5109983
169 43.7313905,-79.5020251
170 43.7259585,-79.5132979
171 43.7346488,-79.4839353
172 43.7365756,-79.4844674
173 43.7347606,-79.511098
174 43.7324893,-79.4819857
175 43.7294572,-79.480892
176 43.7305405,-79.4829545
177 43.7396002,-79.5098832
178 43.7332126,-79.4961847
179 43.729251,-79.5092327
180 43.7356663,-79.4879945
181 43.7304881,-79.5087334
182 43.7268555,-79.5049685
183 43.738927,-79.513231
184 43.736829,-79.484363
185 43.7292292,-79.5092557
186 43.7281388,-79.4826452
187 43.7354125,-79.5120394
188 43.730857,-79.495463
189 43.7263188,-79.5070044
190 43.7264948,-79.4861948
191 43.7301693,-79.5081009
192 43.7290661,-79.5122012
193 43.7371771,-79.4915338
194 43.7301727,-79.5026296
195 43.7371664,-79.4922975
196 43.739555,-79.509799
197 43.7367667,-79.5084553
198 43.7286571,-79.4853918
199 43.7384275,-79.509317
200 43.730202,-79.5022092
201 43.7275518,-79.507996
202 43.7338679,-79.5044768
203 43.7272353,-79.5012494
204 43.7296106,-79.4943701
205 43.7265082,-79.4825401
206 43.7335023,-79.4831773
207 43.7262307,-79.5014234
208 43.7312289,-79.4834113
209 43.738102,-79.4848344
210 43.7334443,-79.4833734
211 43.726712,-79.483054
212 43.7278945,-79.5021315
213 43.7264966,-79.4981877
214 43.7281836,-79.4850937
215 43.7267086,-79.4829799
216 43.7322852,-79.4887188
217 43.734826,-79.511523
218 43.7281253,-79.4826777
219 43.7287367,-79.4984347
220 43.7363695,-79.4868847
221 43.7393835,-79.51307
222 43.739383,-79.513203
223 43.7272805,-79.4853726
224 43.7272805,-79.4853726
225 43.738345,-79.5011992
226 43.7309275,-79.49533
227 43.7319895,-79.5011085
228 43.727513,-79.510133
229 43.7354566,-79.486157
230 43.7354635,-79.4865215
231 43.7393377,-79.4999234
232 43.7335973,-79.4834385
233 43.7282136,-79.5070908
234 43.7304544,-79.49515
235 43.730998,-79.495197
236 43.731338,-79.4944327
237 43.7395285,-79.4870719
238 43.73956,-79.512946
239 43.731068,-79.482948
240 43.7345061,-79.4839106
241 43.7260917,-79.500004
242 43.7352239,-79.5090141
243 43.7262375,-79.5144944
244 43.7396329,-79.5142348
245 43.732132,-79.5077054
246 43.7390828,-79.5132047
247 43.7391007,-79.5130423
248 43.726438,-79.5045955
249 43.739684,-79.5096585
250 43.727437,-79.4841699
251 43.7326388,-79.481229
252 43.7282234,-79.5103669
253 43.7370666,-79.492475
254 43.739207,-79.512969
255 43.7285097,-79.4887018
256 43.7371881,-79.5102358
257 43.737238,-79.492276
258 43.7295648,-79.4827136
