43.7308278 -79.5048769
43.7344927 -79.5118266
43.726998 -79.5100758
43.737447 -79.5055916
43.739521 -79.5119059
43.739744 -79.514338
43.7392537 -79.5123766
43.7394289 -79.5141706
43.7394978 -79.5112558
43.7374607 -79.5126365
43.7377403 -79.5080421
43.7309297 -79.5047701
43.727429 -79.510333
43.7265457 -79.5099596
43.7384343 -79.5049112
43.7361042 -79.5098299
43.734502 -79.511183
43.7292001 -79.5113996
43.7396312 -79.514411
43.7396312 -79.514411
43.7396312 -79.514411
43.7312833 -79.5111965
43.7349767 -79.510133
43.7372096 -79.512633
43.734875 -79.5119137
43.7284786 -79.5104294
43.7272708 -79.5071275
43.7319689 -79.511354
43.7321602 -79.5112786
43.7396491 -79.5143427
43.7372317 -79.5100428
43.7397289 -79.5038337
43.7315402 -79.511135
43.7324124 -79.5065167
43.7393907 -79.5121808
43.7396966 -79.514391
43.727451 -79.5062652
43.7379565 -79.5041021
43.7373228 -79.5040778
43.7313329 -79.5089988
43.7396967 -79.5143904
43.7269575 -79.51234
43.7376181 -79.5020454
43.728268 -79.5138751
43.7295215 -79.5098911
43.739485 -79.5120389
43.7275247 -79.5102038
43.731082 -79.5041084
43.727368 -79.514069
43.7368857 -79.5079297
43.7394969 -79.5143565
43.736424 -79.5111929
43.7301219 -79.5098324
43.7321142 -79.5092748
43.7322922 -79.5025957
43.7398498 -79.5103699
43.7391184 -79.5017436
43.7355735 -79.5109983
43.7259585 -79.5132979
43.7347606 -79.511098
43.7396002 -79.5098832
43.729251 -79.5092327
43.7304881 -79.5087334
43.738927 -79.513231
43.7292292 -79.5092557
43.7354125 -79.5120394
43.7263188 -79.5070044
43.7301693 -79.5081009
43.7290661 -79.5122012
43.739555 -79.509799
43.7367667 -79.5084553
43.7384275 -79.509317
43.7275518 -79.507996
43.7338679 -79.5044768
43.734826 -79.511523
43.7393835 -79.51307
43.739383 -79.513203
43.738345 -79.5011992
43.727513 -79.510133
43.7282136 -79.5070908
43.73956 -79.512946
43.7352239 -79.5090141
43.7262375 -79.5144944
43.7396329 -79.5142348
43.732132 -79.5077054
43.7390828 -79.5132047
43.7391007 -79.5130423
43.739684 -79.5096585
43.7282234 -79.5103669
43.739207 -79.512969
43.7371881 -79.5102358