[55, 55]
[121, 414, 500, 501, 502, 503]
[19, 278, 279, 280, 281]
[21, 118, 119, 137, 237, 253, 348, 369, 447, 448, 449, 450, 451, 452, 453, 454, 461, 466, 504]
[404, 315]
[91, 316, 408, 425, 385]
[49, 98, 146, 246, 275, 418, 524, 174, 199, 314, 350, 351, 352, 353, 354, 355, 356, 357, 358, 359, 360, 361, 362, 384, 419, 459, 49, 98, 146, 246, 275, 418, 524, 174, 199, 314, 350, 351, 352, 353, 354, 355, 356, 357, 358, 359, 360, 361, 362, 384, 419, 459]
[327, 328, 185, 214]
[378, 282, 467, 378]
[100, 181, 517]
[315, 79, 88, 130, 165, 229, 548, 315]
[16, 257, 258, 259, 260, 261, 262, 263, 390, 391, 392, 393, 394, 471]
[77, 117, 77, 117, 77, 117, 511]
[50, 206, 264, 266, 267, 268, 269, 326, 379, 405, 406, 411, 443, 470, 484, 545, 550]
[80, 80, 80, 80, 80]
[220]
[16, 257, 258, 259, 260, 261, 262, 263, 390, 391, 392, 393, 394, 471]
[244, 251, 476, 244, 251, 476]
[374, 20, 126, 136, 186, 211, 212, 213, 368, 427, 428, 429, 430, 431, 432, 433, 434, 435, 436, 437, 20, 126, 136, 186, 211, 212, 213, 368, 427, 428, 429, 430, 431, 432, 433, 434, 435, 436, 437]
[76, 108, 208, 349, 364, 367, 386, 457, 488, 76, 108, 208, 349, 364, 367, 386, 457, 488]
[16, 257, 258, 259, 260, 261, 262, 263, 390, 391, 392, 393, 394, 471]
[22, 460]
[55, 100]
[153]
[20, 126, 136, 186, 211, 212, 213, 368, 427, 428, 429, 430, 431, 432, 433, 434, 435, 436, 437]
[315]
[315, 315, 79, 88, 130, 165, 229, 548]
[123, 248, 389, 123, 248, 389]
[496]
[336, 336, 336, 70, 83, 106, 116, 173, 227, 228, 230, 333, 346, 397, 474, 494, 495, 499, 505, 506, 520]
[40, 58, 59, 60, 61, 62, 63, 64, 65, 66, 158, 159, 160, 161, 162, 317, 343, 444, 445, 40, 58, 59, 60, 61, 62, 63, 64, 65, 66, 158, 159, 160, 161, 162, 317, 343, 444, 445]
[114, 131, 400, 401, 402, 403]
[75]
[69, 73, 151, 235, 396, 412, 507, 133, 134, 139, 140, 141, 163, 249, 265, 415, 424, 462, 516, 69, 73, 151, 235, 396, 412, 507, 133, 134, 139, 140, 141, 163, 249, 265, 415, 424, 462, 516]
[22, 460]
[156, 172, 232, 247, 325, 483]
[496]
[133, 134, 139, 140, 141, 163, 249, 265, 415, 424, 462, 516, 133, 134, 139, 140, 141, 163, 249, 265, 415, 424, 462, 516, 133, 134, 139, 140, 141, 163, 249, 265, 415, 424, 462, 516]
[72, 423, 72, 423, 239, 239, 410, 239]
[75]
[76, 108, 208, 349, 364, 367, 386, 457, 488, 76, 108, 208, 349, 364, 367, 386, 457, 488, 70, 83, 106, 116, 173, 227, 228, 230, 333, 346, 397, 474, 494, 495, 499, 505, 506, 520, 70, 83, 106, 116, 173, 227, 228, 230, 333, 346, 397, 474, 494, 495, 499, 505, 506, 520]
[220]
[72, 423]
[133, 134, 139, 140, 141, 163, 249, 265, 415, 424, 462, 516, 133, 134, 139, 140, 141, 163, 249, 265, 415, 424, 462, 516, 69, 73, 151, 235, 396, 412, 507, 121, 414, 500, 501, 502, 503, 304, 121, 414, 500, 501, 502, 503]
[76, 108, 208, 349, 364, 367, 386, 457, 488, 244, 251, 476]
[135, 23, 24, 25, 26, 27, 28, 29, 30, 31, 32, 33, 34, 35, 36, 37, 38, 270, 340]
[20, 126, 136, 186, 211, 212, 213, 368, 427, 428, 429, 430, 431, 432, 433, 434, 435, 436, 437]
[306, 307, 308, 491]
[374, 20, 126, 136, 186, 211, 212, 213, 368, 427, 428, 429, 430, 431, 432, 433, 434, 435, 436, 437, 20, 126, 136, 186, 211, 212, 213, 368, 427, 428, 429, 430, 431, 432, 433, 434, 435, 436, 437]
[74, 107, 187, 200, 201, 202, 234, 309, 388, 439, 490]
[40, 58, 59, 60, 61, 62, 63, 64, 65, 66, 158, 159, 160, 161, 162, 317, 343, 444, 445]
[282, 467]
[404, 404]
[156, 172, 232, 247, 325, 483]
[90, 171, 498, 549, 387, 387, 387]
[96, 115, 198, 231, 272, 273, 277, 446]
[122, 154, 164, 236, 305, 409, 53, 102, 175, 176, 215, 301, 324, 465, 523, 53, 102, 175, 176, 215, 301, 324, 465, 523, 53, 102, 175, 176, 215, 301, 324, 465, 523, 53, 102, 175, 176, 215, 301, 324, 465, 523]
[2, 3, 14, 41, 42, 43, 44, 45, 46, 47, 81, 104, 152, 169, 184, 303, 366, 375, 544, 103, 168, 189, 276, 347, 363, 365, 383, 426, 455, 492, 551]
[123, 248, 389, 123, 248, 389, 123, 248, 389]
[374]
[103, 168, 189, 276, 347, 363, 365, 383, 426, 455, 492, 551, 103, 168, 189, 276, 347, 363, 365, 383, 426, 455, 492, 551, 103, 168, 189, 276, 347, 363, 365, 383, 426, 455, 492, 551, 129, 197, 255]
[50, 206, 264, 266, 267, 268, 269, 326, 379, 405, 406, 411, 443, 470, 484, 545, 550]
[99, 339, 373, 422, 438, 441, 442, 458, 50, 206, 264, 266, 267, 268, 269, 326, 379, 405, 406, 411, 443, 470, 484, 545, 550, 50, 206, 264, 266, 267, 268, 269, 326, 379, 405, 406, 411, 443, 470, 484, 545, 550]
[404]
[72, 423, 7, 8, 210, 219, 321]
[385, 370, 370]
[100, 100]
[170, 256, 286, 287, 288, 289, 290, 291, 292, 293, 294, 295, 296, 297, 298, 337, 380, 493, 513]
[370, 370]
[69, 73, 151, 235, 396, 412, 507, 133, 134, 139, 140, 141, 163, 249, 265, 415, 424, 462, 516, 69, 73, 151, 235, 396, 412, 507, 203, 217, 1, 18, 78, 84, 85, 86, 120, 142, 143, 182, 183, 209, 218, 283, 376, 395, 477]
[21, 118, 119, 137, 237, 253, 348, 369, 447, 448, 449, 450, 451, 452, 453, 454, 461, 466, 504, 50, 206, 264, 266, 267, 268, 269, 326, 379, 405, 406, 411, 443, 470, 484, 545, 550, 225, 475]
[74, 107, 187, 200, 201, 202, 234, 309, 388, 439, 490]
[100]
[16, 257, 258, 259, 260, 261, 262, 263, 390, 391, 392, 393, 394, 471, 16, 257, 258, 259, 260, 261, 262, 263, 390, 391, 392, 393, 394, 471, 56, 245, 271, 323, 371, 372, 407, 420, 421, 510]
[306, 307, 308, 491, 306, 307, 308, 491, 75, 496]
[306, 307, 308, 491, 306, 307, 308, 491, 54, 82, 128, 147, 148, 149, 150, 204, 205, 224, 252, 274, 310, 338, 485, 486, 487, 489, 522]
[99, 339, 373, 422, 438, 441, 442, 458, 50, 206, 264, 266, 267, 268, 269, 326, 379, 405, 406, 411, 443, 470, 484, 545, 550, 50, 206, 264, 266, 267, 268, 269, 326, 379, 405, 406, 411, 443, 470, 484, 545, 550]
[378, 80, 80]
[220, 220]
[100]
[242, 332]
[90, 171, 498, 549]
[48, 109, 110, 111, 112, 472, 473]
[96, 115, 198, 231, 272, 273, 277, 446]
[77, 117]
[95, 318, 95, 318]
[51, 145]
[496, 496]
[50, 206, 264, 266, 267, 268, 269, 326, 379, 405, 406, 411, 443, 470, 484, 545, 550, 50, 206, 264, 266, 267, 268, 269, 326, 379, 405, 406, 411, 443, 470, 484, 545, 550, 225, 475]
[177, 240, 382, 417, 440, 464, 497, 512, 543, 177, 240, 382, 417, 440, 464, 497, 512, 543, 511]
[96, 115, 198, 231, 272, 273, 277, 446, 96, 115, 198, 231, 272, 273, 277, 446]
[156, 172, 232, 247, 325, 483, 233]
[40, 58, 59, 60, 61, 62, 63, 64, 65, 66, 158, 159, 160, 161, 162, 317, 343, 444, 445, 40, 58, 59, 60, 61, 62, 63, 64, 65, 66, 158, 159, 160, 161, 162, 317, 343, 444, 445, 40, 58, 59, 60, 61, 62, 63, 64, 65, 66, 158, 159, 160, 161, 162, 317, 343, 444, 445]
[220]
[216, 514, 216, 514, 48, 109, 110, 111, 112, 472, 473]
[336, 336, 138, 179, 311, 463, 478, 479, 480, 481]
[511, 511, 511, 177, 240, 382, 417, 440, 464, 497, 512, 543, 511]
[222, 238, 299, 300, 547]
[20, 126, 136, 186, 211, 212, 213, 368, 427, 428, 429, 430, 431, 432, 433, 434, 435, 436, 437]
[101, 101, 101]
[80]
[387, 387, 52, 398, 399, 52, 398, 399, 52, 398, 399, 52, 398, 399, 52, 398, 399]
[17, 377, 17, 377]
[99, 339, 373, 422, 438, 441, 442, 458, 101]
[242, 332, 91, 316, 408, 425, 91, 316, 408, 425]
[95, 318]
[56, 245, 271, 323, 371, 372, 407, 420, 421, 510]
[519, 17, 377, 233]
[103, 168, 189, 276, 347, 363, 365, 383, 426, 455, 492, 551, 103, 168, 189, 276, 347, 363, 365, 383, 426, 455, 492, 551]
[113, 113, 113]
[220]
[54, 82, 128, 147, 148, 149, 150, 204, 205, 224, 252, 274, 310, 338, 485, 486, 487, 489, 522]
[77, 117, 71, 87, 92, 93, 94, 125, 320, 341, 342, 345, 413, 469, 114, 131, 400, 401, 402, 403, 71, 87, 92, 93, 94, 125, 320, 341, 342, 345, 413, 469, 114, 131, 400, 401, 402, 403]
[121, 414, 500, 501, 502, 503, 304]
[95, 318, 519]
[96, 115, 198, 231, 272, 273, 277, 446]
[153]
[75]
[71, 87, 92, 93, 94, 125, 320, 341, 342, 345, 413, 469, 114, 131, 400, 401, 402, 403, 114, 131, 400, 401, 402, 403, 71, 87, 92, 93, 94, 125, 320, 341, 342, 345, 413, 469, 71, 87, 92, 93, 94, 125, 320, 341, 342, 345, 413, 469]
[220, 220, 220]
[511, 511, 177, 240, 382, 417, 440, 464, 497, 512, 543, 177, 240, 382, 417, 440, 464, 497, 512, 543, 123, 248, 389]
[113, 55, 55]
[74, 107, 187, 200, 201, 202, 234, 309, 388, 439, 490, 74, 107, 187, 200, 201, 202, 234, 309, 388, 439, 490]
[129, 197, 255, 129, 197, 255]
[17, 377]
[335, 144, 166, 167, 180, 250, 284, 344, 381]
[216, 514]
[2, 3, 14, 41, 42, 43, 44, 45, 46, 47, 81, 104, 152, 169, 184, 303, 366, 375, 544, 2, 3, 14, 41, 42, 43, 44, 45, 46, 47, 81, 104, 152, 169, 184, 303, 366, 375, 544]
[222, 238, 299, 300, 547]
[56, 245, 271, 323, 371, 372, 407, 420, 421, 510]
[52, 398, 399, 52, 398, 399, 52, 398, 399]
[75]
[50, 206, 264, 266, 267, 268, 269, 326, 379, 405, 406, 411, 443, 470, 484, 545, 550]
[21, 118, 119, 137, 237, 253, 348, 369, 447, 448, 449, 450, 451, 452, 453, 454, 461, 466, 504, 21, 118, 119, 137, 237, 253, 348, 369, 447, 448, 449, 450, 451, 452, 453, 454, 461, 466, 504]
[335, 335, 144, 166, 167, 180, 250, 284, 344, 381]
[52, 398, 399]
[410, 72, 423]
[138, 179, 311, 463, 478, 479, 480, 481, 242, 332, 122, 154, 164, 236, 305, 409, 53, 102, 175, 176, 215, 301, 324, 465, 523]
[99, 339, 373, 422, 438, 441, 442, 458, 99, 339, 373, 422, 438, 441, 442, 458]
[72, 423]
[21, 118, 119, 137, 237, 253, 348, 369, 447, 448, 449, 450, 451, 452, 453, 454, 461, 466, 504, 21, 118, 119, 137, 237, 253, 348, 369, 447, 448, 449, 450, 451, 452, 453, 454, 461, 466, 504, 21, 118, 119, 137, 237, 253, 348, 369, 447, 448, 449, 450, 451, 452, 453, 454, 461, 466, 504]
[101, 99, 339, 373, 422, 438, 441, 442, 458]
[56, 245, 271, 323, 371, 372, 407, 420, 421, 510, 56, 245, 271, 323, 371, 372, 407, 420, 421, 510, 95, 318]
[233]
[113]
[319, 56, 245, 271, 323, 371, 372, 407, 420, 421, 510]
[2, 3, 14, 41, 42, 43, 44, 45, 46, 47, 81, 104, 152, 169, 184, 303, 366, 375, 544, 2, 3, 14, 41, 42, 43, 44, 45, 46, 47, 81, 104, 152, 169, 184, 303, 366, 375, 544, 155, 243, 329, 330, 508, 509]
[138, 179, 311, 463, 478, 479, 480, 481]
[254, 51, 145]
[203, 217, 203, 217, 203, 217, 203, 217]
[19, 278, 279, 280, 281]
[241, 285, 526, 527, 528, 529, 530, 531, 532, 533, 534, 535, 536, 537, 538, 539, 540, 541, 542]
[19, 278, 279, 280, 281]
[144, 166, 167, 180, 250, 284, 344, 381]
[203, 217, 1, 18, 78, 84, 85, 86, 120, 142, 143, 182, 183, 209, 218, 283, 376, 395, 477, 1, 18, 78, 84, 85, 86, 120, 142, 143, 182, 183, 209, 218, 283, 376, 395, 477, 1, 18, 78, 84, 85, 86, 120, 142, 143, 182, 183, 209, 218, 283, 376, 395, 477]
[100]
[170, 256, 286, 287, 288, 289, 290, 291, 292, 293, 294, 295, 296, 297, 298, 337, 380, 493, 513, 220]
[17, 377, 17, 377, 519, 519]
[511, 511, 177, 240, 382, 417, 440, 464, 497, 512, 543]
[122, 154, 164, 236, 305, 409, 53, 102, 175, 176, 215, 301, 324, 465, 523, 122, 154, 164, 236, 305, 409]
[67, 68, 157, 226, 468, 525, 67, 68, 157, 226, 468, 525]
[57, 57, 57]
[21, 118, 119, 137, 237, 253, 348, 369, 447, 448, 449, 450, 451, 452, 453, 454, 461, 466, 504, 22, 460]
[113]
[57, 57]
[79, 88, 130, 165, 229, 548]
[241, 285, 526, 527, 528, 529, 530, 531, 532, 533, 534, 535, 536, 537, 538, 539, 540, 541, 542, 241, 285, 526, 527, 528, 529, 530, 531, 532, 533, 534, 535, 536, 537, 538, 539, 540, 541, 542]
[72, 423]
[319, 319, 319, 56, 245, 271, 323, 371, 372, 407, 420, 421, 510, 319]
[282, 467, 378]
[53, 102, 175, 176, 215, 301, 324, 465, 523, 53, 102, 175, 176, 215, 301, 324, 465, 523, 53, 102, 175, 176, 215, 301, 324, 465, 523]
[233, 233]
[519, 519]
[233, 233, 57]
[456]
[216, 514, 216, 514, 48, 109, 110, 111, 112, 472, 473, 48, 109, 110, 111, 112, 472, 473]
[101]
[156, 172, 232, 247, 325, 483, 156, 172, 232, 247, 325, 483, 156, 172, 232, 247, 325, 483]
[410]
[225, 475]
[122, 154, 164, 236, 305, 409, 244, 251, 476, 244, 251, 476]
[132, 178, 190, 191, 192, 193, 194, 195, 196, 312, 313, 331, 334, 521, 552, 553, 554]
[97]
[315, 79, 88, 130, 165, 229, 548, 79, 88, 130, 165, 229, 548]
[1, 18, 78, 84, 85, 86, 120, 142, 143, 182, 183, 209, 218, 283, 376, 395, 477, 203, 217, 1, 18, 78, 84, 85, 86, 120, 142, 143, 182, 183, 209, 218, 283, 376, 395, 477, 1, 18, 78, 84, 85, 86, 120, 142, 143, 182, 183, 209, 218, 283, 376, 395, 477]
[519]
[156, 172, 232, 247, 325, 483]
[122, 154, 164, 236, 305, 409]
[282, 467, 22, 460]
[170, 256, 286, 287, 288, 289, 290, 291, 292, 293, 294, 295, 296, 297, 298, 337, 380, 493, 513, 170, 256, 286, 287, 288, 289, 290, 291, 292, 293, 294, 295, 296, 297, 298, 337, 380, 493, 513, 170, 256, 286, 287, 288, 289, 290, 291, 292, 293, 294, 295, 296, 297, 298, 337, 380, 493, 513]
[220]
[220]
[304, 121, 414, 500, 501, 502, 503, 69, 73, 151, 235, 396, 412, 507, 1, 18, 78, 84, 85, 86, 120, 142, 143, 182, 183, 209, 218, 283, 376, 395, 477]
[170, 256, 286, 287, 288, 289, 290, 291, 292, 293, 294, 295, 296, 297, 298, 337, 380, 493, 513, 220]
[203, 217, 70, 83, 106, 116, 173, 227, 228, 230, 333, 346, 397, 474, 494, 495, 499, 505, 506, 520, 70, 83, 106, 116, 173, 227, 228, 230, 333, 346, 397, 474, 494, 495, 499, 505, 506, 520]
[21, 118, 119, 137, 237, 253, 348, 369, 447, 448, 449, 450, 451, 452, 453, 454, 461, 466, 504]
[216, 514]
[50, 206, 264, 266, 267, 268, 269, 326, 379, 405, 406, 411, 443, 470, 484, 545, 550, 50, 206, 264, 266, 267, 268, 269, 326, 379, 405, 406, 411, 443, 470, 484, 545, 550, 225, 475]
[77, 117, 114, 131, 400, 401, 402, 403, 114, 131, 400, 401, 402, 403]
[335]
[67, 68, 157, 226, 468, 525, 67, 68, 157, 226, 468, 525]
[15, 302]
[75]
[52, 398, 399, 52, 398, 399, 52, 398, 399, 387, 387, 90, 171, 498, 549]
[114, 131, 400, 401, 402, 403, 71, 87, 92, 93, 94, 125, 320, 341, 342, 345, 413, 469, 114, 131, 400, 401, 402, 403, 114, 131, 400, 401, 402, 403]
[80]
[132, 178, 190, 191, 192, 193, 194, 195, 196, 312, 313, 331, 334, 521, 552, 553, 554, 97]
[74, 107, 187, 200, 201, 202, 234, 309, 388, 439, 490]
[53, 102, 175, 176, 215, 301, 324, 465, 523, 122, 154, 164, 236, 305, 409, 241, 285, 526, 527, 528, 529, 530, 531, 532, 533, 534, 535, 536, 537, 538, 539, 540, 541, 542]
[181, 517, 181, 517, 181, 517]
[336]
[135]
[385]
[71, 87, 92, 93, 94, 125, 320, 341, 342, 345, 413, 469, 114, 131, 400, 401, 402, 403, 114, 131, 400, 401, 402, 403]
[327, 328, 121, 414, 500, 501, 502, 503, 304, 327, 328]
[242, 332]
[22, 460]
[121, 414, 500, 501, 502, 503, 304, 410, 239, 7, 8, 210, 219, 321]
[170, 256, 286, 287, 288, 289, 290, 291, 292, 293, 294, 295, 296, 297, 298, 337, 380, 493, 513]
[48, 109, 110, 111, 112, 472, 473]
[370]
[254, 222, 238, 299, 300, 547]
[153, 153]
[99, 339, 373, 422, 438, 441, 442, 458]
[153]
[100]
[225, 475, 74, 107, 187, 200, 201, 202, 234, 309, 388, 439, 490]
[327, 328]
[244, 251, 476]
[188, 188]
[282, 467, 282, 467]
[153, 48, 109, 110, 111, 112, 472, 473, 48, 109, 110, 111, 112, 472, 473, 48, 109, 110, 111, 112, 472, 473, 48, 109, 110, 111, 112, 472, 473, 153, 153]
[185, 214, 327, 328]
[114, 131, 400, 401, 402, 403, 71, 87, 92, 93, 94, 125, 320, 341, 342, 345, 413, 469, 114, 131, 400, 401, 402, 403]
[20, 126, 136, 186, 211, 212, 213, 368, 427, 428, 429, 430, 431, 432, 433, 434, 435, 436, 437, 20, 126, 136, 186, 211, 212, 213, 368, 427, 428, 429, 430, 431, 432, 433, 434, 435, 436, 437, 374]
[319]
[99, 339, 373, 422, 438, 441, 442, 458, 99, 339, 373, 422, 438, 441, 442, 458, 101]
[122, 154, 164, 236, 305, 409, 241, 285, 526, 527, 528, 529, 530, 531, 532, 533, 534, 535, 536, 537, 538, 539, 540, 541, 542]
[185, 214, 185, 214, 304]
[282, 467, 282, 467]
[170, 256, 286, 287, 288, 289, 290, 291, 292, 293, 294, 295, 296, 297, 298, 337, 380, 493, 513, 170, 256, 286, 287, 288, 289, 290, 291, 292, 293, 294, 295, 296, 297, 298, 337, 380, 493, 513]
[7, 8, 210, 219, 321, 72, 423, 239]
[188, 188]
[52, 398, 399, 52, 398, 399, 90, 171, 498, 549]
[100, 100, 100]
[121, 414, 500, 501, 502, 503, 121, 414, 500, 501, 502, 503, 304, 121, 414, 500, 501, 502, 503, 304, 133, 134, 139, 140, 141, 163, 249, 265, 415, 424, 462, 516, 69, 73, 151, 235, 396, 412, 507, 133, 134, 139, 140, 141, 163, 249, 265, 415, 424, 462, 516]
[135]
[254, 51, 145]
[370]
[121, 414, 500, 501, 502, 503, 79, 88, 130, 165, 229, 548]
[80]
[99, 339, 373, 422, 438, 441, 442, 458]
[335]
[97, 319]
[19, 278, 279, 280, 281, 456]
[39]
[123, 248, 389]
[304, 304, 304, 304, 121, 414, 500, 501, 502, 503, 121, 414, 500, 501, 502, 503, 121, 414, 500, 501, 502, 503]
[319]
[79, 88, 130, 165, 229, 548, 79, 88, 130, 165, 229, 548, 315]
[410, 304, 121, 414, 500, 501, 502, 503, 121, 414, 500, 501, 502, 503, 304]
[16, 257, 258, 259, 260, 261, 262, 263, 390, 391, 392, 393, 394, 471, 16, 257, 258, 259, 260, 261, 262, 263, 390, 391, 392, 393, 394, 471, 2, 3, 14, 41, 42, 43, 44, 45, 46, 47, 81, 104, 152, 169, 184, 303, 366, 375, 544]
[410]
[99, 339, 373, 422, 438, 441, 442, 458]
[156, 172, 232, 247, 325, 483, 181, 517]
[50, 206, 264, 266, 267, 268, 269, 326, 379, 405, 406, 411, 443, 470, 484, 545, 550]
[132, 178, 190, 191, 192, 193, 194, 195, 196, 312, 313, 331, 334, 521, 552, 553, 554]
[185, 214]
[95, 318, 95, 318]
[7, 8, 210, 219, 321, 72, 423, 239, 72, 423]
[132, 178, 190, 191, 192, 193, 194, 195, 196, 312, 313, 331, 334, 521, 552, 553, 554, 132, 178, 190, 191, 192, 193, 194, 195, 196, 312, 313, 331, 334, 521, 552, 553, 554, 97, 97]
[336, 70, 83, 106, 116, 173, 227, 228, 230, 333, 346, 397, 474, 494, 495, 499, 505, 506, 520]
[50, 206, 264, 266, 267, 268, 269, 326, 379, 405, 406, 411, 443, 470, 484, 545, 550, 50, 206, 264, 266, 267, 268, 269, 326, 379, 405, 406, 411, 443, 470, 484, 545, 550]
[55]
[138, 179, 311, 463, 478, 479, 480, 481]
[181, 517, 181, 517, 181, 517]
[90, 171, 498, 549]
[181, 517]
[378, 282, 467, 282, 467]
[22, 460]
[67, 68, 157, 226, 468, 525, 67, 68, 157, 226, 468, 525]
[4, 5, 6, 9, 10, 11, 12, 13, 105, 207, 221, 322, 518, 4, 5, 6, 9, 10, 11, 12, 13, 105, 207, 221, 322, 518, 4, 5, 6, 9, 10, 11, 12, 13, 105, 207, 221, 322, 518, 96, 115, 198, 231, 272, 273, 277, 446]
[100, 181, 517, 181, 517]
[456]
[69, 73, 151, 235, 396, 412, 507, 133, 134, 139, 140, 141, 163, 249, 265, 415, 424, 462, 516]
[185, 214]
[2, 3, 14, 41, 42, 43, 44, 45, 46, 47, 81, 104, 152, 169, 184, 303, 366, 375, 544]
[79, 88, 130, 165, 229, 548, 222, 238, 299, 300, 547, 222, 238, 299, 300, 547]
[181, 517, 181, 517]
[155, 243, 329, 330, 508, 509]
[79, 88, 130, 165, 229, 548]
[378]
[7, 8, 210, 219, 321, 4, 5, 6, 9, 10, 11, 12, 13, 105, 207, 221, 322, 518]
[404]
[496]
[155, 243, 329, 330, 508, 509]
[122, 154, 164, 236, 305, 409, 122, 154, 164, 236, 305, 409, 122, 154, 164, 236, 305, 409]
[254]
[519]
[315, 315, 79, 88, 130, 165, 229, 548]
[181, 517]
[129, 197, 255, 103, 168, 189, 276, 347, 363, 365, 383, 426, 455, 492, 551]
[53, 102, 175, 176, 215, 301, 324, 465, 523]
[70, 83, 106, 116, 173, 227, 228, 230, 333, 346, 397, 474, 494, 495, 499, 505, 506, 520, 70, 83, 106, 116, 173, 227, 228, 230, 333, 346, 397, 474, 494, 495, 499, 505, 506, 520, 1, 18, 78, 84, 85, 86, 120, 142, 143, 182, 183, 209, 218, 283, 376, 395, 477, 1, 18, 78, 84, 85, 86, 120, 142, 143, 182, 183, 209, 218, 283, 376, 395, 477]
[132, 178, 190, 191, 192, 193, 194, 195, 196, 312, 313, 331, 334, 521, 552, 553, 554, 97, 132, 178, 190, 191, 192, 193, 194, 195, 196, 312, 313, 331, 334, 521, 552, 553, 554, 56, 245, 271, 323, 371, 372, 407, 420, 421, 510, 56, 245, 271, 323, 371, 372, 407, 420, 421, 510]
[67, 68, 157, 226, 468, 525, 20, 126, 136, 186, 211, 212, 213, 368, 427, 428, 429, 430, 431, 432, 433, 434, 435, 436, 437]
[220]
[48, 109, 110, 111, 112, 472, 473]
[21, 118, 119, 137, 237, 253, 348, 369, 447, 448, 449, 450, 451, 452, 453, 454, 461, 466, 504, 21, 118, 119, 137, 237, 253, 348, 369, 447, 448, 449, 450, 451, 452, 453, 454, 461, 466, 504]
[96, 115, 198, 231, 272, 273, 277, 446, 96, 115, 198, 231, 272, 273, 277, 446, 96, 115, 198, 231, 272, 273, 277, 446]
[40, 58, 59, 60, 61, 62, 63, 64, 65, 66, 158, 159, 160, 161, 162, 317, 343, 444, 445]
[23, 24, 25, 26, 27, 28, 29, 30, 31, 32, 33, 34, 35, 36, 37, 38, 270, 340, 23, 24, 25, 26, 27, 28, 29, 30, 31, 32, 33, 34, 35, 36, 37, 38, 270, 340]
[77, 117]
[50, 206, 264, 266, 267, 268, 269, 326, 379, 405, 406, 411, 443, 470, 484, 545, 550, 50, 206, 264, 266, 267, 268, 269, 326, 379, 405, 406, 411, 443, 470, 484, 545, 550]
[242, 332, 242, 332]
[19, 278, 279, 280, 281, 19, 278, 279, 280, 281]
[51, 145]
[74, 107, 187, 200, 201, 202, 234, 309, 388, 439, 490, 54, 82, 128, 147, 148, 149, 150, 204, 205, 224, 252, 274, 310, 338, 485, 486, 487, 489, 522, 496, 496, 496]
[336, 70, 83, 106, 116, 173, 227, 228, 230, 333, 346, 397, 474, 494, 495, 499, 505, 506, 520, 336, 244, 251, 476, 76, 108, 208, 349, 364, 367, 386, 457, 488]
[304, 304]
[153]
[404]
[225, 475, 225, 475]
[22, 460]
[282, 467]
[52, 398, 399, 90, 171, 498, 549, 90, 171, 498, 549]
[95, 318]
[16, 257, 258, 259, 260, 261, 262, 263, 390, 391, 392, 393, 394, 471, 16, 257, 258, 259, 260, 261, 262, 263, 390, 391, 392, 393, 394, 471]
[74, 107, 187, 200, 201, 202, 234, 309, 388, 439, 490, 74, 107, 187, 200, 201, 202, 234, 309, 388, 439, 490, 74, 107, 187, 200, 201, 202, 234, 309, 388, 439, 490]
[156, 172, 232, 247, 325, 483]
[72, 423, 72, 423, 233, 233]
[56, 245, 271, 323, 371, 372, 407, 420, 421, 510, 56, 245, 271, 323, 371, 372, 407, 420, 421, 510]
[80]
[496]
[233, 17, 377, 17, 377, 17, 377]
[132, 178, 190, 191, 192, 193, 194, 195, 196, 312, 313, 331, 334, 521, 552, 553, 554, 132, 178, 190, 191, 192, 193, 194, 195, 196, 312, 313, 331, 334, 521, 552, 553, 554]
[17, 377]
[79, 88, 130, 165, 229, 548]
[216, 514, 216, 514, 216, 514]
[74, 107, 187, 200, 201, 202, 234, 309, 388, 439, 490, 74, 107, 187, 200, 201, 202, 234, 309, 388, 439, 490, 74, 107, 187, 200, 201, 202, 234, 309, 388, 439, 490]
[155, 243, 329, 330, 508, 509, 155, 243, 329, 330, 508, 509, 155, 243, 329, 330, 508, 509]
[129, 197, 255, 129, 197, 255, 129, 197, 255]
[114, 131, 400, 401, 402, 403]
[304]
[306, 307, 308, 491]
[2, 3, 14, 41, 42, 43, 44, 45, 46, 47, 81, 104, 152, 169, 184, 303, 366, 375, 544, 155, 243, 329, 330, 508, 509, 155, 243, 329, 330, 508, 509, 155, 243, 329, 330, 508, 509]
[15, 302]
[153]
[91, 316, 408, 425]
[387, 52, 398, 399]
[496, 496]
[282, 467]
[315, 79, 88, 130, 165, 229, 548, 79, 88, 130, 165, 229, 548]
[19, 278, 279, 280, 281, 123, 248, 389, 113]
[39]
[370, 370, 370]
[156, 172, 232, 247, 325, 483]
[156, 172, 232, 247, 325, 483, 156, 172, 232, 247, 325, 483]
[22, 460]
[17, 377]
[55, 123, 248, 389]
[54, 82, 128, 147, 148, 149, 150, 204, 205, 224, 252, 274, 310, 338, 485, 486, 487, 489, 522, 74, 107, 187, 200, 201, 202, 234, 309, 388, 439, 490]
[51, 145, 51, 145]
[70, 83, 106, 116, 173, 227, 228, 230, 333, 346, 397, 474, 494, 495, 499, 505, 506, 520, 336, 70, 83, 106, 116, 173, 227, 228, 230, 333, 346, 397, 474, 494, 495, 499, 505, 506, 520, 76, 108, 208, 349, 364, 367, 386, 457, 488]
[1, 18, 78, 84, 85, 86, 120, 142, 143, 182, 183, 209, 218, 283, 376, 395, 477]
[144, 166, 167, 180, 250, 284, 344, 381, 335, 170, 256, 286, 287, 288, 289, 290, 291, 292, 293, 294, 295, 296, 297, 298, 337, 380, 493, 513]
[22, 460, 22, 460, 22, 460]
[135, 23, 24, 25, 26, 27, 28, 29, 30, 31, 32, 33, 34, 35, 36, 37, 38, 270, 340, 135]
[336, 1, 18, 78, 84, 85, 86, 120, 142, 143, 182, 183, 209, 218, 283, 376, 395, 477]
[75, 75, 75]
[335, 144, 166, 167, 180, 250, 284, 344, 381, 335]
[54, 82, 128, 147, 148, 149, 150, 204, 205, 224, 252, 274, 310, 338, 485, 486, 487, 489, 522, 54, 82, 128, 147, 148, 149, 150, 204, 205, 224, 252, 274, 310, 338, 485, 486, 487, 489, 522, 74, 107, 187, 200, 201, 202, 234, 309, 388, 439, 490, 225, 475]
[19, 278, 279, 280, 281]
[113, 113, 113]
[282, 467, 378]
[374]
[282, 467]
[55, 123, 248, 389]
[123, 248, 389]
[95, 318]
[57, 57]
[57, 57]
[2, 3, 14, 41, 42, 43, 44, 45, 46, 47, 81, 104, 152, 169, 184, 303, 366, 375, 544]
[74, 107, 187, 200, 201, 202, 234, 309, 388, 439, 490]
[216, 514]
[40, 58, 59, 60, 61, 62, 63, 64, 65, 66, 158, 159, 160, 161, 162, 317, 343, 444, 445, 40, 58, 59, 60, 61, 62, 63, 64, 65, 66, 158, 159, 160, 161, 162, 317, 343, 444, 445, 121, 414, 500, 501, 502, 503, 121, 414, 500, 501, 502, 503, 304]
[16, 257, 258, 259, 260, 261, 262, 263, 390, 391, 392, 393, 394, 471]
[22, 460]
[404]
[51, 145, 49, 98, 146, 246, 275, 418, 524]
[20, 126, 136, 186, 211, 212, 213, 368, 427, 428, 429, 430, 431, 432, 433, 434, 435, 436, 437, 67, 68, 157, 226, 468, 525, 67, 68, 157, 226, 468, 525]
[114, 131, 400, 401, 402, 403]
[220, 220]
[370, 370, 370]
[77, 117]
[129, 197, 255, 103, 168, 189, 276, 347, 363, 365, 383, 426, 455, 492, 551, 129, 197, 255]
[456, 456]
[103, 168, 189, 276, 347, 363, 365, 383, 426, 455, 492, 551]
[138, 179, 311, 463, 478, 479, 480, 481, 242, 332, 242, 332, 242, 332, 242, 332, 242, 332, 242, 332]
[170, 256, 286, 287, 288, 289, 290, 291, 292, 293, 294, 295, 296, 297, 298, 337, 380, 493, 513]
[2, 3, 14, 41, 42, 43, 44, 45, 46, 47, 81, 104, 152, 169, 184, 303, 366, 375, 544, 103, 168, 189, 276, 347, 363, 365, 383, 426, 455, 492, 551]
[74, 107, 187, 200, 201, 202, 234, 309, 388, 439, 490]
[23, 24, 25, 26, 27, 28, 29, 30, 31, 32, 33, 34, 35, 36, 37, 38, 270, 340, 23, 24, 25, 26, 27, 28, 29, 30, 31, 32, 33, 34, 35, 36, 37, 38, 270, 340, 23, 24, 25, 26, 27, 28, 29, 30, 31, 32, 33, 34, 35, 36, 37, 38, 270, 340]
[222, 238, 299, 300, 547]
[23, 24, 25, 26, 27, 28, 29, 30, 31, 32, 33, 34, 35, 36, 37, 38, 270, 340, 135]
[91, 316, 408, 425, 91, 316, 408, 425, 370]
[122, 154, 164, 236, 305, 409]
[70, 83, 106, 116, 173, 227, 228, 230, 333, 346, 397, 474, 494, 495, 499, 505, 506, 520]
[97]
[80]
[2, 3, 14, 41, 42, 43, 44, 45, 46, 47, 81, 104, 152, 169, 184, 303, 366, 375, 544, 103, 168, 189, 276, 347, 363, 365, 383, 426, 455, 492, 551]
[242, 332]
[121, 414, 500, 501, 502, 503, 69, 73, 151, 235, 396, 412, 507, 185, 214]
[90, 171, 498, 549, 101]
[40, 58, 59, 60, 61, 62, 63, 64, 65, 66, 158, 159, 160, 161, 162, 317, 343, 444, 445, 222, 238, 299, 300, 547]
[155, 243, 329, 330, 508, 509]
[19, 278, 279, 280, 281]
[241, 285, 526, 527, 528, 529, 530, 531, 532, 533, 534, 535, 536, 537, 538, 539, 540, 541, 542]
[216, 514, 216, 514]
[133, 134, 139, 140, 141, 163, 249, 265, 415, 424, 462, 516, 69, 73, 151, 235, 396, 412, 507, 69, 73, 151, 235, 396, 412, 507]
[138, 179, 311, 463, 478, 479, 480, 481, 138, 179, 311, 463, 478, 479, 480, 481]
[17, 377, 17, 377]
[90, 171, 498, 549]
[188, 144, 166, 167, 180, 250, 284, 344, 381, 335, 144, 166, 167, 180, 250, 284, 344, 381, 174, 199, 314, 350, 351, 352, 353, 354, 355, 356, 357, 358, 359, 360, 361, 362, 384, 419, 459, 144, 166, 167, 180, 250, 284, 344, 381, 144, 166, 167, 180, 250, 284, 344, 381, 188, 188]
[244, 251, 476, 122, 154, 164, 236, 305, 409, 122, 154, 164, 236, 305, 409, 53, 102, 175, 176, 215, 301, 324, 465, 523, 122, 154, 164, 236, 305, 409, 53, 102, 175, 176, 215, 301, 324, 465, 523]
[306, 307, 308, 491, 54, 82, 128, 147, 148, 149, 150, 204, 205, 224, 252, 274, 310, 338, 485, 486, 487, 489, 522]
[170, 256, 286, 287, 288, 289, 290, 291, 292, 293, 294, 295, 296, 297, 298, 337, 380, 493, 513]
[48, 109, 110, 111, 112, 472, 473]
[185, 214]
[75, 306, 307, 308, 491, 75]
[233]
[233]
[156, 172, 232, 247, 325, 483, 156, 172, 232, 247, 325, 483]
[370, 370]
[153, 48, 109, 110, 111, 112, 472, 473, 48, 109, 110, 111, 112, 472, 473]
[241, 285, 526, 527, 528, 529, 530, 531, 532, 533, 534, 535, 536, 537, 538, 539, 540, 541, 542, 241, 285, 526, 527, 528, 529, 530, 531, 532, 533, 534, 535, 536, 537, 538, 539, 540, 541, 542]
[79, 88, 130, 165, 229, 548]
[404, 327, 328]
[57, 57, 57, 113]
[374, 374]
[156, 172, 232, 247, 325, 483]
[519]
[185, 214, 327, 328, 327, 328, 304]
[155, 243, 329, 330, 508, 509]
[242, 332]
[51, 145]
[188]
[181, 517]
[123, 248, 389]
[100]
[404]
[174, 199, 314, 350, 351, 352, 353, 354, 355, 356, 357, 358, 359, 360, 361, 362, 384, 419, 459, 49, 98, 146, 246, 275, 418, 524, 174, 199, 314, 350, 351, 352, 353, 354, 355, 356, 357, 358, 359, 360, 361, 362, 384, 419, 459, 144, 166, 167, 180, 250, 284, 344, 381, 188]
[203, 217, 69, 73, 151, 235, 396, 412, 507, 133, 134, 139, 140, 141, 163, 249, 265, 415, 424, 462, 516, 69, 73, 151, 235, 396, 412, 507, 203, 217]
[2, 3, 14, 41, 42, 43, 44, 45, 46, 47, 81, 104, 152, 169, 184, 303, 366, 375, 544]
[121, 414, 500, 501, 502, 503, 374, 374, 374, 69, 73, 151, 235, 396, 412, 507]
[72, 423]
[456, 15, 302, 15, 302]
[327, 328, 327, 328]
[153, 48, 109, 110, 111, 112, 472, 473, 48, 109, 110, 111, 112, 472, 473]
[185, 214, 304, 121, 414, 500, 501, 502, 503, 121, 414, 500, 501, 502, 503, 304, 133, 134, 139, 140, 141, 163, 249, 265, 415, 424, 462, 516, 133, 134, 139, 140, 141, 163, 249, 265, 415, 424, 462, 516, 69, 73, 151, 235, 396, 412, 507, 69, 73, 151, 235, 396, 412, 507]
[216, 514, 216, 514]
[222, 238, 299, 300, 547, 222, 238, 299, 300, 547]
[22, 460, 22, 460]
[374, 203, 217, 1, 18, 78, 84, 85, 86, 120, 142, 143, 182, 183, 209, 218, 283, 376, 395, 477, 203, 217]
[70, 83, 106, 116, 173, 227, 228, 230, 333, 346, 397, 474, 494, 495, 499, 505, 506, 520, 76, 108, 208, 349, 364, 367, 386, 457, 488, 244, 251, 476]
[95, 318, 16, 257, 258, 259, 260, 261, 262, 263, 390, 391, 392, 393, 394, 471]
[91, 316, 408, 425, 91, 316, 408, 425, 242, 332, 138, 179, 311, 463, 478, 479, 480, 481]
[101, 101, 101, 90, 171, 498, 549]
[51, 145, 254, 23, 24, 25, 26, 27, 28, 29, 30, 31, 32, 33, 34, 35, 36, 37, 38, 270, 340]
[225, 475, 50, 206, 264, 266, 267, 268, 269, 326, 379, 405, 406, 411, 443, 470, 484, 545, 550, 50, 206, 264, 266, 267, 268, 269, 326, 379, 405, 406, 411, 443, 470, 484, 545, 550]
[319, 56, 245, 271, 323, 371, 372, 407, 420, 421, 510, 56, 245, 271, 323, 371, 372, 407, 420, 421, 510, 132, 178, 190, 191, 192, 193, 194, 195, 196, 312, 313, 331, 334, 521, 552, 553, 554]
[155, 243, 329, 330, 508, 509]
[387]
[155, 243, 329, 330, 508, 509, 2, 3, 14, 41, 42, 43, 44, 45, 46, 47, 81, 104, 152, 169, 184, 303, 366, 375, 544, 2, 3, 14, 41, 42, 43, 44, 45, 46, 47, 81, 104, 152, 169, 184, 303, 366, 375, 544]
[55, 55]
[188, 49, 98, 146, 246, 275, 418, 524, 174, 199, 314, 350, 351, 352, 353, 354, 355, 356, 357, 358, 359, 360, 361, 362, 384, 419, 459, 144, 166, 167, 180, 250, 284, 344, 381, 335]
[387]
[133, 134, 139, 140, 141, 163, 249, 265, 415, 424, 462, 516, 1, 18, 78, 84, 85, 86, 120, 142, 143, 182, 183, 209, 218, 283, 376, 395, 477, 1, 18, 78, 84, 85, 86, 120, 142, 143, 182, 183, 209, 218, 283, 376, 395, 477]
[23, 24, 25, 26, 27, 28, 29, 30, 31, 32, 33, 34, 35, 36, 37, 38, 270, 340, 23, 24, 25, 26, 27, 28, 29, 30, 31, 32, 33, 34, 35, 36, 37, 38, 270, 340]
[239, 239, 72, 423]
[174, 199, 314, 350, 351, 352, 353, 354, 355, 356, 357, 358, 359, 360, 361, 362, 384, 419, 459, 144, 166, 167, 180, 250, 284, 344, 381, 335]
[51, 145, 51, 145]
[20, 126, 136, 186, 211, 212, 213, 368, 427, 428, 429, 430, 431, 432, 433, 434, 435, 436, 437]
[177, 240, 382, 417, 440, 464, 497, 512, 543]
[138, 179, 311, 463, 478, 479, 480, 481]
[129, 197, 255]
[67, 68, 157, 226, 468, 525, 67, 68, 157, 226, 468, 525]
[49, 98, 146, 246, 275, 418, 524, 49, 98, 146, 246, 275, 418, 524, 49, 98, 146, 246, 275, 418, 524]
[17, 377, 233]
[374, 40, 58, 59, 60, 61, 62, 63, 64, 65, 66, 158, 159, 160, 161, 162, 317, 343, 444, 445]
[203, 217, 203, 217]
[113]
[71, 87, 92, 93, 94, 125, 320, 341, 342, 345, 413, 469]
[77, 117, 77, 117]
[51, 145]
[23, 24, 25, 26, 27, 28, 29, 30, 31, 32, 33, 34, 35, 36, 37, 38, 270, 340, 23, 24, 25, 26, 27, 28, 29, 30, 31, 32, 33, 34, 35, 36, 37, 38, 270, 340, 23, 24, 25, 26, 27, 28, 29, 30, 31, 32, 33, 34, 35, 36, 37, 38, 270, 340, 135]
[54, 82, 128, 147, 148, 149, 150, 204, 205, 224, 252, 274, 310, 338, 485, 486, 487, 489, 522, 306, 307, 308, 491, 306, 307, 308, 491]
[22, 460]
[222, 238, 299, 300, 547, 222, 238, 299, 300, 547, 222, 238, 299, 300, 547]
[70, 83, 106, 116, 173, 227, 228, 230, 333, 346, 397, 474, 494, 495, 499, 505, 506, 520, 70, 83, 106, 116, 173, 227, 228, 230, 333, 346, 397, 474, 494, 495, 499, 505, 506, 520, 1, 18, 78, 84, 85, 86, 120, 142, 143, 182, 183, 209, 218, 283, 376, 395, 477, 1, 18, 78, 84, 85, 86, 120, 142, 143, 182, 183, 209, 218, 283, 376, 395, 477]
[113]
[242, 332, 138, 179, 311, 463, 478, 479, 480, 481]
[72, 423]
[49, 98, 146, 246, 275, 418, 524, 49, 98, 146, 246, 275, 418, 524, 49, 98, 146, 246, 275, 418, 524]
[155, 243, 329, 330, 508, 509, 155, 243, 329, 330, 508, 509]
[216, 514, 216, 514, 216, 514]
[51, 145]
[23, 24, 25, 26, 27, 28, 29, 30, 31, 32, 33, 34, 35, 36, 37, 38, 270, 340, 23, 24, 25, 26, 27, 28, 29, 30, 31, 32, 33, 34, 35, 36, 37, 38, 270, 340]
[80]
[101]
[239, 239]
[101, 101, 101, 101, 101, 101]
[456]
[113, 113, 57, 113]
[4, 5, 6, 9, 10, 11, 12, 13, 105, 207, 221, 322, 518, 7, 8, 210, 219, 321]
[220, 220]
[456, 15, 302]
[254, 49, 98, 146, 246, 275, 418, 524]
[48, 109, 110, 111, 112, 472, 473, 335, 335]
[519, 519, 519]
[39, 100]
[55, 55, 55]
[19, 278, 279, 280, 281]
[335, 335]
[203, 217]
[17, 377]
[80, 80]
[456]
[71, 87, 92, 93, 94, 125, 320, 341, 342, 345, 413, 469, 71, 87, 92, 93, 94, 125, 320, 341, 342, 345, 413, 469, 114, 131, 400, 401, 402, 403, 71, 87, 92, 93, 94, 125, 320, 341, 342, 345, 413, 469, 114, 131, 400, 401, 402, 403, 71, 87, 92, 93, 94, 125, 320, 341, 342, 345, 413, 469, 114, 131, 400, 401, 402, 403, 71, 87, 92, 93, 94, 125, 320, 341, 342, 345, 413, 469, 71, 87, 92, 93, 94, 125, 320, 341, 342, 345, 413, 469]
[50, 206, 264, 266, 267, 268, 269, 326, 379, 405, 406, 411, 443, 470, 484, 545, 550, 50, 206, 264, 266, 267, 268, 269, 326, 379, 405, 406, 411, 443, 470, 484, 545, 550, 50, 206, 264, 266, 267, 268, 269, 326, 379, 405, 406, 411, 443, 470, 484, 545, 550]
[387, 52, 398, 399, 387]
[52, 398, 399]
[50, 206, 264, 266, 267, 268, 269, 326, 379, 405, 406, 411, 443, 470, 484, 545, 550, 225, 475, 225, 475]
[404]
[129, 197, 255, 129, 197, 255, 129, 197, 255]
[404]
[170, 256, 286, 287, 288, 289, 290, 291, 292, 293, 294, 295, 296, 297, 298, 337, 380, 493, 513, 170, 256, 286, 287, 288, 289, 290, 291, 292, 293, 294, 295, 296, 297, 298, 337, 380, 493, 513, 170, 256, 286, 287, 288, 289, 290, 291, 292, 293, 294, 295, 296, 297, 298, 337, 380, 493, 513]
[21, 118, 119, 137, 237, 253, 348, 369, 447, 448, 449, 450, 451, 452, 453, 454, 461, 466, 504, 20, 126, 136, 186, 211, 212, 213, 368, 427, 428, 429, 430, 431, 432, 433, 434, 435, 436, 437]
[4, 5, 6, 9, 10, 11, 12, 13, 105, 207, 221, 322, 518, 7, 8, 210, 219, 321, 4, 5, 6, 9, 10, 11, 12, 13, 105, 207, 221, 322, 518, 4, 5, 6, 9, 10, 11, 12, 13, 105, 207, 221, 322, 518, 7, 8, 210, 219, 321, 4, 5, 6, 9, 10, 11, 12, 13, 105, 207, 221, 322, 518]
[71, 87, 92, 93, 94, 125, 320, 341, 342, 345, 413, 469, 71, 87, 92, 93, 94, 125, 320, 341, 342, 345, 413, 469]
[222, 238, 299, 300, 547]
[90, 171, 498, 549, 90, 171, 498, 549]
[103, 168, 189, 276, 347, 363, 365, 383, 426, 455, 492, 551, 2, 3, 14, 41, 42, 43, 44, 45, 46, 47, 81, 104, 152, 169, 184, 303, 366, 375, 544]
[57, 113]
[72, 423]
[370, 91, 316, 408, 425]
[222, 238, 299, 300, 547, 79, 88, 130, 165, 229, 548]
[222, 238, 299, 300, 547, 222, 238, 299, 300, 547, 222, 238, 299, 300, 547, 222, 238, 299, 300, 547, 222, 238, 299, 300, 547]
[56, 245, 271, 323, 371, 372, 407, 420, 421, 510, 97]
[19, 278, 279, 280, 281]
[56, 245, 271, 323, 371, 372, 407, 420, 421, 510]
[97, 97, 319, 319]
[7, 8, 210, 219, 321, 7, 8, 210, 219, 321, 7, 8, 210, 219, 321, 4, 5, 6, 9, 10, 11, 12, 13, 105, 207, 221, 322, 518, 7, 8, 210, 219, 321, 4, 5, 6, 9, 10, 11, 12, 13, 105, 207, 221, 322, 518, 96, 115, 198, 231, 272, 273, 277, 446]
[241, 285, 526, 527, 528, 529, 530, 531, 532, 533, 534, 535, 536, 537, 538, 539, 540, 541, 542, 241, 285, 526, 527, 528, 529, 530, 531, 532, 533, 534, 535, 536, 537, 538, 539, 540, 541, 542]
[1, 18, 78, 84, 85, 86, 120, 142, 143, 182, 183, 209, 218, 283, 376, 395, 477, 1, 18, 78, 84, 85, 86, 120, 142, 143, 182, 183, 209, 218, 283, 376, 395, 477]
[95, 318]
[123, 248, 389]
[155, 243, 329, 330, 508, 509]
[95, 318, 16, 257, 258, 259, 260, 261, 262, 263, 390, 391, 392, 393, 394, 471]
[113, 55]
[103, 168, 189, 276, 347, 363, 365, 383, 426, 455, 492, 551]
[16, 257, 258, 259, 260, 261, 262, 263, 390, 391, 392, 393, 394, 471, 319]
[72, 423]
[370, 370]
[153]
[254]
[233, 233, 233]
[50, 206, 264, 266, 267, 268, 269, 326, 379, 405, 406, 411, 443, 470, 484, 545, 550]
[220]
[22, 460, 22, 460, 22, 460, 21, 118, 119, 137, 237, 253, 348, 369, 447, 448, 449, 450, 451, 452, 453, 454, 461, 466, 504]
[385]
[188]
[16, 257, 258, 259, 260, 261, 262, 263, 390, 391, 392, 393, 394, 471, 16, 257, 258, 259, 260, 261, 262, 263, 390, 391, 392, 393, 394, 471]
[90, 171, 498, 549]
[67, 68, 157, 226, 468, 525, 67, 68, 157, 226, 468, 525, 67, 68, 157, 226, 468, 525, 67, 68, 157, 226, 468, 525, 67, 68, 157, 226, 468, 525, 20, 126, 136, 186, 211, 212, 213, 368, 427, 428, 429, 430, 431, 432, 433, 434, 435, 436, 437]
[77, 117, 77, 117, 77, 117]
[57]
[185, 214, 327, 328, 327, 328, 327, 328]
[315, 79, 88, 130, 165, 229, 548]
[404]
[74, 107, 187, 200, 201, 202, 234, 309, 388, 439, 490]
[135, 21, 118, 119, 137, 237, 253, 348, 369, 447, 448, 449, 450, 451, 452, 453, 454, 461, 466, 504, 21, 118, 119, 137, 237, 253, 348, 369, 447, 448, 449, 450, 451, 452, 453, 454, 461, 466, 504, 21, 118, 119, 137, 237, 253, 348, 369, 447, 448, 449, 450, 451, 452, 453, 454, 461, 466, 504]
[335]
[244, 251, 476, 244, 251, 476]
[91, 316, 408, 425, 91, 316, 408, 425, 370, 370, 370]
[177, 240, 382, 417, 440, 464, 497, 512, 543]
[21, 118, 119, 137, 237, 253, 348, 369, 447, 448, 449, 450, 451, 452, 453, 454, 461, 466, 504]
[54, 82, 128, 147, 148, 149, 150, 204, 205, 224, 252, 274, 310, 338, 485, 486, 487, 489, 522, 54, 82, 128, 147, 148, 149, 150, 204, 205, 224, 252, 274, 310, 338, 485, 486, 487, 489, 522]
[77, 117, 77, 117]
[50, 206, 264, 266, 267, 268, 269, 326, 379, 405, 406, 411, 443, 470, 484, 545, 550]
[100, 100, 100]
[51, 145]
[170, 256, 286, 287, 288, 289, 290, 291, 292, 293, 294, 295, 296, 297, 298, 337, 380, 493, 513]
[315]
[241, 285, 526, 527, 528, 529, 530, 531, 532, 533, 534, 535, 536, 537, 538, 539, 540, 541, 542, 241, 285, 526, 527, 528, 529, 530, 531, 532, 533, 534, 535, 536, 537, 538, 539, 540, 541, 542]
[404, 404, 404, 404]
[101]
[233]
[129, 197, 255]
[315, 79, 88, 130, 165, 229, 548]
[70, 83, 106, 116, 173, 227, 228, 230, 333, 346, 397, 474, 494, 495, 499, 505, 506, 520, 70, 83, 106, 116, 173, 227, 228, 230, 333, 346, 397, 474, 494, 495, 499, 505, 506, 520, 336]
[233]
[16, 257, 258, 259, 260, 261, 262, 263, 390, 391, 392, 393, 394, 471, 16, 257, 258, 259, 260, 261, 262, 263, 390, 391, 392, 393, 394, 471]
[233, 233]
[72, 423]
[91, 316, 408, 425, 370]
[410, 410]
[378, 282, 467, 282, 467, 378]
[378]
[113, 113, 113, 113]
[138, 179, 311, 463, 478, 479, 480, 481, 67, 68, 157, 226, 468, 525, 67, 68, 157, 226, 468, 525, 67, 68, 157, 226, 468, 525, 20, 126, 136, 186, 211, 212, 213, 368, 427, 428, 429, 430, 431, 432, 433, 434, 435, 436, 437]
[48, 109, 110, 111, 112, 472, 473]
[216, 514]
[133, 134, 139, 140, 141, 163, 249, 265, 415, 424, 462, 516, 69, 73, 151, 235, 396, 412, 507, 133, 134, 139, 140, 141, 163, 249, 265, 415, 424, 462, 516]
[67, 68, 157, 226, 468, 525, 67, 68, 157, 226, 468, 525, 22, 460, 22, 460, 22, 460]
[19, 278, 279, 280, 281]
[23, 24, 25, 26, 27, 28, 29, 30, 31, 32, 33, 34, 35, 36, 37, 38, 270, 340]
[21, 118, 119, 137, 237, 253, 348, 369, 447, 448, 449, 450, 451, 452, 453, 454, 461, 466, 504]
[239, 72, 423, 7, 8, 210, 219, 321, 72, 423, 7, 8, 210, 219, 321, 72, 423]
[387, 90, 171, 498, 549, 101, 101]
[254]
[97, 132, 178, 190, 191, 192, 193, 194, 195, 196, 312, 313, 331, 334, 521, 552, 553, 554, 97, 319]
[23, 24, 25, 26, 27, 28, 29, 30, 31, 32, 33, 34, 35, 36, 37, 38, 270, 340, 135, 23, 24, 25, 26, 27, 28, 29, 30, 31, 32, 33, 34, 35, 36, 37, 38, 270, 340, 135]
[216, 514, 216, 514, 216, 514, 216, 514]
[404]
[56, 245, 271, 323, 371, 372, 407, 420, 421, 510]
[456, 39, 39, 39]
[99, 339, 373, 422, 438, 441, 442, 458]
[21, 118, 119, 137, 237, 253, 348, 369, 447, 448, 449, 450, 451, 452, 453, 454, 461, 466, 504]
[95, 318]
[72, 423, 72, 423]
[4, 5, 6, 9, 10, 11, 12, 13, 105, 207, 221, 322, 518, 1, 18, 78, 84, 85, 86, 120, 142, 143, 182, 183, 209, 218, 283, 376, 395, 477, 1, 18, 78, 84, 85, 86, 120, 142, 143, 182, 183, 209, 218, 283, 376, 395, 477]
[319, 56, 245, 271, 323, 371, 372, 407, 420, 421, 510, 56, 245, 271, 323, 371, 372, 407, 420, 421, 510]
[51, 145, 51, 145]
[404]
[91, 316, 408, 425]
[99, 339, 373, 422, 438, 441, 442, 458, 101]
[53, 102, 175, 176, 215, 301, 324, 465, 523]
[225, 475, 225, 475, 225, 475, 50, 206, 264, 266, 267, 268, 269, 326, 379, 405, 406, 411, 443, 470, 484, 545, 550]
[79, 88, 130, 165, 229, 548]
[90, 171, 498, 549, 52, 398, 399]
[241, 285, 526, 527, 528, 529, 530, 531, 532, 533, 534, 535, 536, 537, 538, 539, 540, 541, 542, 241, 285, 526, 527, 528, 529, 530, 531, 532, 533, 534, 535, 536, 537, 538, 539, 540, 541, 542]
[156, 172, 232, 247, 325, 483]
[90, 171, 498, 549]
[7, 8, 210, 219, 321]
[55, 55, 55]
[315]
[72, 423, 410, 410, 410, 239]
[48, 109, 110, 111, 112, 472, 473]
[39, 15, 302, 15, 302, 456, 15, 302, 456, 456, 15, 302]
[225, 475, 50, 206, 264, 266, 267, 268, 269, 326, 379, 405, 406, 411, 443, 470, 484, 545, 550]
[181, 517]
[114, 131, 400, 401, 402, 403, 114, 131, 400, 401, 402, 403, 114, 131, 400, 401, 402, 403]
[69, 73, 151, 235, 396, 412, 507, 69, 73, 151, 235, 396, 412, 507, 133, 134, 139, 140, 141, 163, 249, 265, 415, 424, 462, 516, 69, 73, 151, 235, 396, 412, 507, 69, 73, 151, 235, 396, 412, 507]
[385, 370, 370, 370]
[132, 178, 190, 191, 192, 193, 194, 195, 196, 312, 313, 331, 334, 521, 552, 553, 554, 132, 178, 190, 191, 192, 193, 194, 195, 196, 312, 313, 331, 334, 521, 552, 553, 554, 132, 178, 190, 191, 192, 193, 194, 195, 196, 312, 313, 331, 334, 521, 552, 553, 554, 132, 178, 190, 191, 192, 193, 194, 195, 196, 312, 313, 331, 334, 521, 552, 553, 554]
[76, 108, 208, 349, 364, 367, 386, 457, 488, 244, 251, 476]
[20, 126, 136, 186, 211, 212, 213, 368, 427, 428, 429, 430, 431, 432, 433, 434, 435, 436, 437, 203, 217, 203, 217]
[282, 467]
[39, 39, 39, 15, 302]
[15, 302, 456]
[282, 467, 378, 282, 467, 378, 282, 467]
[370, 370, 370]
[55, 113]
[91, 316, 408, 425]
[19, 278, 279, 280, 281, 19, 278, 279, 280, 281]
[55]
[51, 145]
[95, 318, 95, 318, 95, 318]
[336, 336, 336, 76, 108, 208, 349, 364, 367, 386, 457, 488, 244, 251, 476]
[80]
[55, 123, 248, 389]
[70, 83, 106, 116, 173, 227, 228, 230, 333, 346, 397, 474, 494, 495, 499, 505, 506, 520]
[23, 24, 25, 26, 27, 28, 29, 30, 31, 32, 33, 34, 35, 36, 37, 38, 270, 340]
[174, 199, 314, 350, 351, 352, 353, 354, 355, 356, 357, 358, 359, 360, 361, 362, 384, 419, 459, 188, 188]
[79, 88, 130, 165, 229, 548]
[404, 404]
[74, 107, 187, 200, 201, 202, 234, 309, 388, 439, 490, 74, 107, 187, 200, 201, 202, 234, 309, 388, 439, 490, 74, 107, 187, 200, 201, 202, 234, 309, 388, 439, 490]
[319]
[69, 73, 151, 235, 396, 412, 507, 133, 134, 139, 140, 141, 163, 249, 265, 415, 424, 462, 516, 133, 134, 139, 140, 141, 163, 249, 265, 415, 424, 462, 516, 133, 134, 139, 140, 141, 163, 249, 265, 415, 424, 462, 516]
[53, 102, 175, 176, 215, 301, 324, 465, 523, 122, 154, 164, 236, 305, 409]
[254, 254]
[15, 302]
[2, 3, 14, 41, 42, 43, 44, 45, 46, 47, 81, 104, 152, 169, 184, 303, 366, 375, 544]
[387]
[181, 517, 100, 181, 517]
[113, 113, 55]
[55, 55]
[51, 145, 49, 98, 146, 246, 275, 418, 524]
[17, 377, 233, 233, 233]
[239, 410]
[254, 254]
[22, 460]
[254, 254]
[91, 316, 408, 425, 370]
[188, 188]
[370, 370, 370]
[177, 240, 382, 417, 440, 464, 497, 512, 543, 177, 240, 382, 417, 440, 464, 497, 512, 543]
[1, 18, 78, 84, 85, 86, 120, 142, 143, 182, 183, 209, 218, 283, 376, 395, 477, 1, 18, 78, 84, 85, 86, 120, 142, 143, 182, 183, 209, 218, 283, 376, 395, 477, 1, 18, 78, 84, 85, 86, 120, 142, 143, 182, 183, 209, 218, 283, 376, 395, 477]
[71, 87, 92, 93, 94, 125, 320, 341, 342, 345, 413, 469, 71, 87, 92, 93, 94, 125, 320, 341, 342, 345, 413, 469]
[99, 339, 373, 422, 438, 441, 442, 458, 50, 206, 264, 266, 267, 268, 269, 326, 379, 405, 406, 411, 443, 470, 484, 545, 550]
[17, 377, 17, 377]
[76, 108, 208, 349, 364, 367, 386, 457, 488, 244, 251, 476]
[2, 3, 14, 41, 42, 43, 44, 45, 46, 47, 81, 104, 152, 169, 184, 303, 366, 375, 544, 2, 3, 14, 41, 42, 43, 44, 45, 46, 47, 81, 104, 152, 169, 184, 303, 366, 375, 544, 155, 243, 329, 330, 508, 509]
[91, 316, 408, 425, 91, 316, 408, 425, 91, 316, 408, 425, 378]
[170, 256, 286, 287, 288, 289, 290, 291, 292, 293, 294, 295, 296, 297, 298, 337, 380, 493, 513]
[7, 8, 210, 219, 321, 7, 8, 210, 219, 321, 4, 5, 6, 9, 10, 11, 12, 13, 105, 207, 221, 322, 518, 4, 5, 6, 9, 10, 11, 12, 13, 105, 207, 221, 322, 518, 4, 5, 6, 9, 10, 11, 12, 13, 105, 207, 221, 322, 518]
[181, 517, 181, 517]
[48, 109, 110, 111, 112, 472, 473, 48, 109, 110, 111, 112, 472, 473, 48, 109, 110, 111, 112, 472, 473]
[129, 197, 255]
[519]
[242, 332, 242, 332, 385]
[75, 54, 82, 128, 147, 148, 149, 150, 204, 205, 224, 252, 274, 310, 338, 485, 486, 487, 489, 522, 54, 82, 128, 147, 148, 149, 150, 204, 205, 224, 252, 274, 310, 338, 485, 486, 487, 489, 522]
[216, 514, 216, 514]
[156, 172, 232, 247, 325, 483, 156, 172, 232, 247, 325, 483]
[177, 240, 382, 417, 440, 464, 497, 512, 543, 511, 177, 240, 382, 417, 440, 464, 497, 512, 543]
[21, 118, 119, 137, 237, 253, 348, 369, 447, 448, 449, 450, 451, 452, 453, 454, 461, 466, 504]
[155, 243, 329, 330, 508, 509]
[244, 251, 476]