[526, 534, 530, 536, 535, 538, 540, 529, 541, 527, 542, 537, 531, 528, 533, 241, 539, 532]
[408, 425, 91, 80, 316]
[525, 226, 26, 67, 38, 468, 33, 37, 29, 23, 28, 68, 31, 35, 24, 32, 340, 135, 36, 270, 157, 34, 25, 30, 27]
[72, 423]
[491, 496, 308, 307, 306]
[468, 226, 157, 525, 68, 67]
[423, 239, 188, 144, 250, 335, 315, 180, 410, 166, 167, 153, 381, 72, 344, 284, 404]
[378, 467]
[193, 316, 467, 385, 195, 22, 475, 97, 312, 408, 192, 194, 91, 334, 554, 225, 521, 132, 425, 196, 552, 331, 553, 460, 190, 191, 378, 313, 178]
[198, 115, 272, 96, 231, 277, 446, 273]
[304, 501, 96, 272, 503, 414, 502, 500, 277, 446, 198, 231, 115, 121, 273]
[72, 519, 410, 404, 377, 423, 315, 17, 239]
[430, 126, 429, 435, 434, 20, 186, 374, 368, 213, 433, 136, 212, 427, 432, 431, 211, 436, 437, 428]
[61, 133, 66, 65, 134, 64, 158, 462, 415, 159, 60, 160, 59, 412, 161, 63, 162, 507, 58, 69, 396, 317, 40, 343, 139, 265, 516, 444, 445, 249, 235, 140, 163, 73, 151, 62, 424, 141]
[245, 196, 407, 319, 191, 371, 420, 194, 195, 331, 312, 553, 372, 313, 271, 554, 178, 421, 190, 521, 552, 132, 334, 510, 192, 323, 193, 97, 56]
[148, 338, 150, 128, 224, 205, 252, 486, 147, 82, 522, 310, 485, 149, 274, 54, 489, 487, 204]
[367, 76, 225, 349, 364, 108, 200, 234, 467, 74, 467, 439, 242, 107, 201, 22, 475, 460, 388, 208, 187, 202, 457, 332, 378, 476, 244, 282, 386, 490, 309, 488, 251]
[126, 437, 432, 429, 186, 434, 136, 435, 368, 428, 212, 431, 211, 20, 433, 436, 427, 213, 430]
[414, 503, 502, 501, 500, 304, 121]
[225, 475]
[423, 423, 72, 410, 98, 315, 49, 418, 404, 239, 246, 524, 72, 275, 146]
[95, 318]
[213, 254, 496, 427, 136, 430, 432, 428, 434, 436, 431, 374, 429, 491, 437, 186, 433, 368, 435, 126, 20, 212, 211]
[321, 4, 219, 8, 11, 322, 5, 221, 210, 105, 6, 13, 7, 12, 518, 207, 9, 10]
[252, 487, 224, 82, 150, 35, 128, 340, 205, 274, 310, 33, 32, 486, 485, 31, 23, 27, 34, 147, 489, 270, 29, 24, 54, 338, 148, 135, 25, 36, 30, 204, 38, 522, 26, 149, 28, 37]
[216, 216, 514, 514]
[475, 447, 369, 466, 453, 450, 119, 449, 237, 225, 253, 504, 137, 448, 461, 452, 451, 21, 454, 348, 118]
[214, 327, 185, 239, 328, 410]
[14, 184, 2, 42, 95, 47, 169, 366, 44, 46, 45, 41, 318, 81, 375, 3, 152, 519, 544, 43, 104, 303]
[430, 428, 211, 436, 368, 434, 213, 437, 433, 432, 20, 431, 212, 427, 126, 435, 136, 429, 186]
[340, 149, 27, 26, 148, 310, 25, 205, 270, 489, 147, 24, 32, 23, 38, 274, 224, 28, 34, 128, 33, 487, 150, 485, 82, 35, 29, 36, 486, 252, 54, 37, 31, 30, 338, 204, 522, 135]
[119, 137, 450, 448, 466, 504, 369, 447, 348, 454, 21, 451, 253, 118, 452, 449, 453, 461, 237]
[107, 467, 201, 467, 460, 22, 200, 234, 475, 225, 282, 490, 309, 385, 74, 187, 378, 202, 439, 388]
[378, 242, 332, 467]
[150, 147, 489, 128, 252, 224, 274, 54, 487, 338, 82, 205, 149, 485, 522, 204, 148, 310, 486]
[192, 311, 425, 521, 481, 553, 195, 331, 138, 378, 193, 480, 196, 552, 479, 97, 478, 191, 313, 178, 190, 554, 312, 179, 467, 467, 91, 334, 408, 132, 316, 385, 463, 194]
[491, 496]
[264, 266, 460, 405, 269, 379, 206, 406, 267, 470, 268, 550, 443, 484, 545, 22, 411, 326, 50]
[253, 252, 54, 226, 504, 157, 82, 466, 461, 128, 468, 454, 68, 453, 147, 21, 452, 148, 118, 525, 67, 451, 149, 450, 522, 119, 150, 449, 489, 487, 448, 204, 137, 486, 447, 485, 205, 237, 338, 369, 310, 224, 348, 274]
[148, 82, 128, 128, 205, 274, 486, 274, 205, 242, 147, 224, 147, 486, 150, 150, 332, 204, 475, 22, 485, 487, 487, 378, 310, 54, 225, 310, 485, 204, 54, 149, 149, 489, 489, 338, 467, 252, 252, 460, 224, 522, 522, 82, 338, 148]
[238, 54, 486, 204, 547, 487, 338, 489, 252, 150, 522, 149, 148, 310, 222, 147, 224, 128, 274, 299, 82, 300, 205, 485]
[481, 457, 179, 251, 311, 349, 488, 476, 367, 478, 108, 364, 463, 386, 76, 479, 138, 244, 208, 480]
[535, 542, 371, 538, 532, 271, 241, 536, 372, 529, 407, 387, 539, 420, 531, 527, 421, 245, 399, 510, 398, 528, 540, 56, 52, 533, 534, 319, 530, 541, 537, 323, 526]
[225, 475]
[168, 189, 426, 197, 129, 276, 255, 103, 492, 551, 347, 318, 95]
[547, 23, 24, 25, 26, 27, 28, 29, 30, 31, 32, 33, 34, 35, 36, 37, 38, 135, 270, 340, 222, 238, 299, 300]
[197, 426, 347, 492, 255, 103, 276, 189, 129, 168, 551]
[226, 197, 189, 103, 468, 492, 383, 365, 525, 551, 255, 67, 129, 276, 426, 157, 363, 455, 68, 347, 168]
[426, 276, 208, 476, 460, 242, 103, 367, 492, 201, 364, 197, 467, 457, 551, 255, 168, 349, 234, 22, 475, 347, 74, 439, 388, 378, 386, 251, 108, 488, 76, 490, 225, 189, 107, 200, 244, 202, 187, 309, 129, 332]
[129, 189, 551, 365, 255, 363, 455, 383, 168, 276, 383, 197, 492, 347, 365, 363, 455, 103, 426]
[201, 187, 107, 490, 200, 74, 309, 234, 202, 439, 388]
[468, 157, 68, 67, 226, 525]
[116, 333, 173, 106, 365, 83, 228, 363, 227, 397, 505, 346, 474, 520, 494, 499, 455, 495, 336, 506, 383, 70, 230]
[23, 24, 32, 36, 28, 31, 25, 340, 33, 37, 30, 270, 38, 27, 29, 34, 135, 35, 26]
[283, 462, 235, 477, 134, 84, 86, 217, 209, 1, 163, 396, 140, 143, 415, 120, 78, 18, 183, 139, 133, 85, 516, 412, 203, 142, 265, 424, 249, 376, 182, 141, 73, 395, 218, 507, 69, 151]
[222, 252, 147, 300, 274, 254, 205, 310, 54, 338, 204, 82, 485, 299, 486, 150, 487, 489, 224, 149, 522, 128, 547, 148, 238]
[78, 203, 395, 492, 182, 189, 283, 120, 365, 168, 143, 276, 383, 363, 129, 455, 183, 86, 455, 551, 363, 209, 85, 426, 347, 18, 365, 217, 477, 218, 376, 1, 142, 103, 84, 197, 255, 383]
[35, 27, 28, 444, 29, 62, 63, 445, 158, 40, 60, 64, 66, 37, 135, 65, 343, 160, 30, 26, 58, 317, 270, 24, 159, 31, 36, 161, 23, 32, 34, 162, 33, 25, 59, 340, 61, 38]
[490, 107, 234, 187, 388, 439, 309, 202, 201, 74, 200]
[554, 97, 313, 331, 242, 242, 332, 312, 332, 385, 196, 334, 195, 194, 521, 193, 192, 191, 552, 190, 178, 553, 132]
[534, 538, 83, 520, 116, 506, 397, 173, 542, 230, 531, 532, 527, 505, 541, 227, 499, 474, 536, 346, 241, 70, 530, 528, 106, 535, 537, 336, 540, 495, 533, 539, 285, 228, 526, 494, 333, 529]
[142, 217, 86, 18, 85, 203, 183, 395, 218, 376, 84, 477, 143, 283, 209, 182, 120, 1, 78]
[18, 85, 218, 217, 477, 376, 182, 143, 120, 203, 183, 78, 395, 1, 209, 86, 142, 283, 84]
[439, 22, 107, 490, 460, 74, 202, 200, 234, 201, 388, 309, 187]
[532, 526, 537, 251, 538, 536, 527, 349, 241, 535, 528, 364, 534, 244, 108, 539, 542, 367, 529, 531, 76, 533, 386, 530, 208, 488, 476, 457, 540, 285, 541]
[393, 334, 312, 195, 392, 391, 552, 56, 390, 407, 263, 245, 194, 262, 319, 372, 191, 331, 271, 313, 97, 554, 323, 261, 16, 192, 257, 553, 193, 258, 132, 260, 259, 510, 178, 421, 471, 196, 521, 394, 420, 371, 190]
[450, 348, 253, 460, 369, 237, 447, 22, 448, 137, 449, 119, 451, 452, 118, 453, 454, 21, 461, 466, 504]
[501, 121, 500, 414, 300, 299, 222, 304, 503, 547, 238, 502]
[252, 82, 128, 54, 147, 148, 149, 522, 489, 150, 487, 486, 204, 485, 338, 205, 310, 274, 224]
[505, 106, 494, 499, 83, 346, 520, 397, 230, 474, 506, 70, 228, 173, 495, 333, 336, 227, 116]
[473, 110, 472, 48, 109, 112, 111]
[521, 425, 467, 460, 22, 554, 553, 340, 552, 270, 135, 38, 37, 334, 36, 35, 331, 34, 33, 32, 313, 31, 312, 30, 29, 196, 28, 378, 27, 195, 26, 194, 25, 193, 24, 192, 23, 191, 190, 178, 132, 225, 91, 475, 97, 316, 385, 408]
[17, 115, 96, 377, 446, 519, 273, 272, 423, 277, 231, 198, 72]
[404]
[186, 429, 434, 428, 86, 211, 213, 209, 427, 433, 126, 432, 183, 186, 120, 283, 20, 203, 78, 1, 376, 431, 435, 432, 435, 18, 433, 477, 213, 436, 437, 84, 212, 20, 430, 431, 182, 136, 395, 368, 211, 427, 85, 136, 374, 143, 430, 437, 368, 126, 217, 436, 434, 142, 212, 428, 218, 429]
[492, 168, 255, 262, 103, 471, 197, 455, 426, 263, 390, 365, 189, 261, 363, 276, 392, 347, 260, 257, 394, 258, 551, 383, 16, 391, 129, 393, 259]
[27, 34, 26, 25, 36, 38, 24, 33, 31, 23, 135, 32, 28, 35, 37, 340, 30, 29, 270]
[67, 383, 346, 173, 106, 228, 333, 455, 365, 495, 494, 68, 468, 116, 499, 230, 70, 505, 226, 157, 506, 520, 83, 336, 363, 397, 525, 227, 474]
[173, 116, 230, 520, 506, 316, 346, 495, 83, 227, 474, 425, 365, 70, 408, 505, 228, 333, 494, 455, 80, 336, 397, 499, 363, 383, 106, 91]
[197, 551, 103, 426, 129, 255, 189, 347, 276, 492, 168]
[412, 69, 73, 415, 462, 133, 424, 507, 396, 134, 265, 516, 249, 139, 235, 163, 140, 151, 141]
[68, 226, 67, 468, 525, 157]
[254]
[482]
[374]
[201, 385, 282, 330, 74, 508, 439, 467, 329, 475, 187, 309, 202, 509, 200, 467, 22, 460, 234, 155, 225, 107, 378, 388, 243, 490]
[374]
[275, 88, 146, 418, 49, 548, 229, 524, 246, 130, 98, 79, 165]
[60, 158, 66, 64, 40, 317, 58, 343, 159, 445, 65, 160, 63, 444, 59, 162, 161, 61, 62]
[30, 35, 491, 270, 33, 29, 34, 25, 496, 27, 32, 135, 37, 36, 28, 340, 24, 31, 23, 26, 38]
[130, 239, 519, 404, 318, 423, 95, 17, 79, 377, 72, 88, 410, 548, 229, 165]
[468, 226, 157, 67, 68, 525]
[139, 151, 507, 412, 396, 225, 516, 141, 265, 475, 415, 249, 374, 133, 460, 235, 69, 140, 163, 462, 22, 424, 73, 134]
[70, 157, 474, 431, 468, 67, 397, 230, 525, 212, 213, 520, 435, 505, 499, 67, 136, 336, 83, 428, 126, 494, 227, 433, 427, 468, 116, 186, 430, 228, 20, 434, 436, 173, 226, 226, 495, 506, 368, 68, 333, 211, 525, 346, 106, 432, 68, 429, 437, 157]
[496, 491]
[151, 163, 396, 73, 140, 516, 265, 134, 139, 235, 412, 249, 507, 415, 141, 133, 424, 69, 462]
[28, 37, 31, 30, 36, 26, 23, 32, 29, 25, 135, 270, 38, 34, 27, 33, 340, 35, 24]
[171, 91, 498, 316, 549, 425, 80, 408, 90]
[186, 435, 435, 436, 434, 434, 437, 437, 433, 433, 432, 432, 374, 431, 431, 20, 430, 20, 430, 126, 126, 429, 429, 136, 436, 428, 136, 428, 427, 186, 427, 211, 368, 211, 368, 212, 212, 213, 213]
[137, 119, 369, 451, 449, 237, 450, 447, 460, 452, 504, 461, 21, 348, 22, 454, 253, 466, 448, 118, 453]
[50, 484, 326, 264, 545, 443, 411, 550, 470, 268, 22, 460, 379, 267, 406, 266, 206, 405, 269]
[474, 183, 70, 505, 18, 506, 203, 333, 173, 106, 499, 333, 520, 142, 477, 217, 283, 228, 474, 395, 346, 120, 85, 520, 495, 227, 106, 143, 499, 173, 70, 227, 230, 228, 116, 218, 336, 83, 397, 182, 397, 84, 376, 506, 336, 116, 230, 505, 86, 83, 78, 495, 346, 1, 209, 494, 494]
[25, 270, 317, 445, 107, 309, 33, 60, 26, 388, 28, 34, 37, 135, 200, 66, 340, 40, 63, 187, 159, 27, 158, 24, 30, 38, 202, 162, 74, 36, 161, 64, 65, 439, 29, 58, 23, 160, 201, 490, 61, 444, 234, 35, 31, 343, 59, 62, 32]
[68, 226, 36, 30, 27, 157, 26, 29, 23, 37, 35, 340, 468, 33, 24, 270, 38, 31, 135, 25, 34, 525, 28, 32, 67]
[321, 322, 9, 13, 7, 10, 239, 423, 6, 105, 11, 207, 5, 4, 210, 518, 219, 239, 8, 12, 221, 410, 72, 410]
[222, 299, 300, 547, 238]
[182, 477, 120, 395, 450, 85, 452, 142, 119, 67, 237, 84, 449, 453, 376, 143, 454, 461, 118, 78, 451, 448, 466, 253, 525, 68, 18, 283, 504, 1, 183, 21, 447, 218, 203, 468, 348, 157, 217, 209, 369, 226, 137, 86]
[524, 98, 246, 49, 418, 275, 146]
[336, 68, 45, 116, 173, 270, 495, 25, 29, 505, 226, 544, 32, 152, 157, 42, 525, 46, 33, 35, 474, 375, 23, 70, 28, 135, 184, 47, 67, 14, 397, 26, 106, 346, 366, 24, 230, 81, 303, 228, 27, 36, 494, 520, 37, 38, 499, 2, 169, 83, 3, 227, 43, 104, 340, 468, 506, 333, 30, 34, 44, 31, 41]
[51, 145]
[187, 201, 234, 490, 496, 388, 74, 309, 200, 107, 491, 439, 202]
[231, 96, 272, 273, 446, 115, 277, 198]
[116, 346, 83, 227, 230, 520, 70, 106, 505, 495, 173, 397, 506, 474, 333, 499, 228, 494, 336]
[496, 491]
[138, 480, 311, 479, 463, 478, 481, 179]
[396, 134, 58, 343, 40, 507, 444, 265, 63, 64, 424, 66, 151, 140, 69, 158, 73, 62, 415, 163, 159, 374, 61, 160, 462, 412, 60, 133, 235, 161, 139, 141, 162, 59, 516, 445, 249, 317, 65]
[496, 491]
[130, 229, 79, 79, 88, 88, 229, 548, 165, 165, 130, 548]
[277, 446, 198, 272, 231, 96, 273, 115]
[28, 32, 135, 25, 27, 36, 33, 31, 270, 23, 37, 34, 38, 26, 340, 35, 29, 30, 24]
[217, 18, 283, 374, 182, 143, 183, 395, 218, 477, 86, 78, 1, 120, 203, 209, 376, 142, 85, 84]
[157, 34, 35, 29, 37, 270, 525, 23, 31, 38, 32, 33, 226, 25, 26, 28, 30, 135, 340, 24, 36, 27, 68, 67, 468]
[130, 88, 144, 381, 335, 180, 284, 166, 548, 153, 315, 250, 188, 79, 165, 229, 344, 167]
[66, 450, 118, 35, 32, 452, 61, 348, 158, 31, 27, 24, 466, 65, 135, 22, 159, 60, 460, 38, 34, 444, 453, 451, 63, 160, 447, 343, 36, 23, 449, 30, 26, 59, 40, 445, 253, 137, 237, 161, 28, 454, 317, 504, 461, 340, 29, 21, 162, 270, 58, 37, 62, 448, 25, 33, 369, 119, 64]
[214, 328, 404, 185, 327]
[548, 377, 130, 519, 88, 165, 491, 17, 79, 72, 423, 404, 229, 239, 410, 496]
[228, 499, 116, 494, 333, 474, 70, 336, 106, 506, 230, 397, 520, 505, 83, 346, 173, 227, 495]
[332, 22, 348, 65, 242, 62, 66, 369, 61, 158, 63, 159, 60, 253, 160, 59, 447, 378, 467, 161, 504, 64, 58, 162, 21, 460, 466, 317, 40, 448, 343, 461, 237, 444, 454, 445, 118, 453, 449, 452, 137, 119, 451, 450]
[433, 24, 428, 270, 27, 37, 126, 429, 427, 28, 435, 26, 32, 368, 186, 434, 340, 29, 35, 20, 25, 431, 213, 212, 33, 38, 436, 432, 30, 136, 34, 430, 23, 437, 211, 36, 31, 135]
[118, 451, 452, 504, 21, 326, 369, 379, 253, 443, 406, 450, 411, 269, 454, 545, 460, 484, 447, 466, 50, 237, 453, 550, 264, 405, 206, 22, 119, 268, 348, 137, 461, 266, 267, 449, 448, 470]
[490, 309, 234, 439, 202, 74, 107, 187, 200, 201, 388]
[530, 526, 540, 529, 531, 226, 527, 534, 539, 68, 67, 241, 525, 541, 468, 91, 538, 535, 316, 528, 425, 542, 532, 537, 385, 408, 533, 157, 536, 378, 467]
[460, 242, 332, 378, 22, 467]
[222, 327, 239, 300, 214, 410, 238, 423, 233, 547, 72, 185, 328, 299]
[179, 1, 463, 138, 520, 143, 228, 505, 217, 376, 86, 477, 70, 83, 183, 173, 78, 311, 18, 506, 499, 480, 494, 116, 85, 336, 333, 106, 203, 227, 142, 209, 182, 495, 283, 478, 481, 395, 120, 84, 397, 346, 474, 230, 479, 218]
[158, 474, 32, 33, 506, 70, 31, 83, 34, 30, 29, 35, 106, 28, 520, 36, 397, 27, 26, 37, 494, 505, 116, 25, 38, 24, 67, 135, 64, 23, 346, 445, 444, 525, 270, 343, 173, 40, 317, 68, 336, 162, 58, 340, 161, 59, 160, 227, 60, 159, 63, 495, 499, 333, 468, 61, 157, 66, 230, 62, 228, 65, 226]
[205, 522, 149, 128, 150, 148, 487, 489, 54, 204, 274, 82, 485, 338, 252, 224, 486, 310, 147]
[451, 21, 504, 369, 452, 237, 454, 253, 449, 447, 118, 348, 466, 453, 137, 448, 450, 461, 119]
[14, 45, 41, 184, 42, 47, 366, 46, 375, 43, 3, 104, 544, 2, 81, 169, 303, 152, 44]
[468, 253, 447, 68, 106, 137, 237, 494, 452, 525, 520, 336, 453, 67, 157, 397, 450, 369, 230, 499, 70, 346, 83, 461, 21, 228, 116, 506, 226, 227, 504, 505, 474, 119, 448, 466, 495, 348, 173, 451, 333, 118, 454, 449]
[246, 250, 344, 146, 153, 381, 524, 167, 335, 284, 49, 275, 144, 180, 418, 188, 98, 166]
[491, 130, 88, 496, 79, 165, 229, 548, 306, 307, 308]
[516, 265, 139, 415, 140, 396, 424, 265, 235, 516, 163, 73, 151, 133, 507, 249, 69, 134, 396, 412, 462, 412, 134, 141, 133, 163, 249, 462, 424, 140, 415, 151, 507, 139, 141, 73, 235, 69]
[474, 116, 505, 495, 520, 106, 333, 506, 227, 346, 336, 230, 228, 70, 499, 494, 173, 83, 397]
[392, 393, 259, 257, 262, 394, 390, 258, 261, 391, 16, 260, 263, 471]
[228, 536, 499, 529, 535, 528, 474, 537, 346, 520, 527, 538, 336, 506, 526, 534, 116, 83, 539, 285, 530, 540, 333, 542, 241, 531, 173, 494, 541, 505, 533, 532, 70, 230, 495, 397, 227, 106]
[460, 22, 475, 225]
[242, 332]
[347, 276, 426, 255, 551, 189, 103, 129, 197, 492, 168]
[269, 326, 22, 460, 545, 267, 266, 550, 50, 206, 406, 470, 443, 405, 411, 264, 379, 374, 268, 484]
[49, 418, 300, 299, 146, 275, 98, 222, 547, 238, 524, 246]
[439, 107, 234, 200, 309, 388, 201, 68, 200, 187, 490, 74, 74, 107, 490, 525, 202, 309, 67, 468, 439, 201, 234, 187, 226, 202, 157, 388]
[491, 496]
[157, 138, 481, 468, 226, 525, 478, 480, 67, 68, 311, 479, 463, 179]
[273, 231, 115, 272, 277, 96, 198, 446]
[491, 496]
[85, 209, 218, 376, 78, 84, 217, 477, 142, 182, 120, 18, 395, 143, 1, 183, 283, 203, 86]
[462, 140, 133, 134, 235, 69, 415, 249, 396, 516, 73, 163, 374, 139, 507, 141, 412, 424, 265, 151]
[450, 461, 451, 449, 118, 504, 137, 447, 119, 448, 453, 452, 237, 369, 466, 21, 475, 225, 348, 454, 253]
[338, 433, 211, 119, 436, 427, 466, 147, 348, 212, 224, 21, 448, 82, 126, 150, 274, 454, 368, 118, 486, 451, 430, 461, 452, 253, 453, 428, 205, 449, 237, 128, 20, 504, 310, 429, 487, 522, 186, 148, 434, 431, 489, 435, 432, 213, 136, 447, 149, 369, 450, 204, 485, 54, 137, 252, 437]
[273, 115, 198, 423, 410, 272, 72, 446, 96, 231, 277, 239]
[446, 198, 446, 231, 272, 273, 96, 272, 198, 115, 277, 231, 273, 277, 96, 115]
[22, 264, 550, 411, 460, 374, 484, 267, 379, 268, 405, 406, 545, 269, 443, 470, 50, 266, 326, 206]
[32, 253, 454, 348, 28, 450, 29, 31, 451, 33, 237, 26, 340, 35, 119, 270, 38, 24, 447, 369, 453, 135, 448, 34, 37, 23, 118, 461, 137, 36, 27, 25, 30, 449, 504, 452, 21, 466]
[452, 454, 448, 453, 406, 411, 266, 267, 461, 405, 450, 21, 237, 443, 466, 119, 118, 449, 137, 264, 447, 269, 22, 268, 504, 470, 379, 50, 484, 206, 253, 348, 369, 550, 545, 451, 326, 460]
[449, 137, 447, 450, 453, 475, 466, 452, 237, 348, 225, 119, 448, 461, 253, 454, 369, 504, 451, 21, 118]
[157, 468, 525, 68, 67, 226]
[318, 258, 263, 471, 519, 95, 262, 394, 257, 17, 259, 393, 390, 16, 377, 260, 392, 261, 391]
[106, 495, 505, 230, 333, 474, 520, 83, 499, 397, 116, 227, 336, 346, 506, 70, 173, 494, 228]
[311, 481, 478, 480, 463, 138, 179, 479]
[68, 525, 226, 67, 468, 157]
[146, 246, 275, 98, 524, 49, 418]
[340, 485, 224, 30, 252, 33, 489, 204, 34, 27, 35, 338, 148, 54, 25, 149, 310, 26, 29, 36, 31, 82, 487, 23, 32, 37, 205, 147, 150, 274, 28, 522, 38, 24, 135, 270, 486, 128]
[62, 73, 158, 415, 140, 159, 61, 160, 424, 462, 65, 412, 133, 60, 151, 161, 163, 162, 59, 66, 64, 69, 63, 396, 317, 374, 134, 58, 343, 141, 507, 265, 444, 40, 139, 445, 235, 249, 516]
[70, 237, 106, 474, 119, 137, 157, 468, 451, 494, 346, 506, 230, 227, 466, 68, 453, 336, 67, 495, 447, 454, 452, 333, 505, 449, 173, 228, 520, 253, 118, 83, 461, 348, 504, 116, 525, 499, 450, 369, 448, 21, 397, 226]
[161, 477, 395, 376, 283, 218, 217, 209, 203, 183, 182, 143, 142, 120, 86, 85, 84, 78, 40, 18, 58, 59, 1, 60, 61, 62, 63, 64, 65, 66, 158, 159, 160, 162, 317, 343, 444, 445, 374]
[525, 157, 336, 346, 505, 68, 506, 68, 494, 67, 67, 106, 227, 333, 397, 70, 468, 525, 474, 226, 520, 226, 173, 157, 116, 499, 83, 228, 495, 468, 230]
[491, 254, 496]
[299, 300, 300, 238, 547, 222, 238, 222, 547, 299]
[506, 499, 173, 397, 474, 227, 83, 230, 520, 336, 116, 495, 346, 106, 494, 505, 228, 333, 70]
[165, 423, 229, 229, 410, 72, 548, 79, 79, 165, 239, 548, 72, 88, 404, 88, 130, 423, 130]
[468, 67, 68, 157, 226, 525]
[72, 503, 414, 423, 502, 500, 304, 501, 121]
[476, 331, 457, 191, 190, 242, 386, 313, 521, 332, 196, 244, 251, 108, 334, 195, 553, 349, 132, 488, 194, 312, 385, 208, 364, 192, 367, 554, 97, 193, 552, 178, 76]
[300, 299, 238, 547, 222]
[415, 134, 235, 374, 163, 151, 424, 412, 265, 462, 141, 516, 507, 69, 249, 140, 73, 396, 139, 133]
[148, 252, 310, 522, 300, 489, 54, 274, 149, 299, 224, 547, 338, 487, 222, 147, 204, 486, 485, 128, 205, 238, 82, 150]
[316, 83, 408, 173, 336, 80, 116, 505, 495, 397, 346, 474, 70, 520, 499, 506, 91, 494, 106, 227, 230, 333, 228, 425]
[397, 227, 468, 499, 83, 228, 525, 226, 106, 505, 157, 230, 495, 494, 116, 474, 506, 70, 346, 68, 520, 173, 336, 67, 333]
[162, 64, 503, 58, 317, 158, 160, 501, 445, 500, 63, 304, 502, 343, 59, 61, 121, 40, 161, 66, 444, 62, 414, 60, 159, 65]
[538, 533, 540, 532, 535, 531, 530, 536, 541, 529, 542, 537, 539, 528, 527, 526, 285, 241, 534]
[504, 466, 369, 137, 388, 449, 447, 461, 309, 119, 439, 201, 452, 348, 453, 202, 234, 448, 107, 490, 187, 451, 118, 454, 74, 450, 253, 21, 200, 237]
[30, 36, 65, 62, 66, 38, 158, 61, 159, 35, 60, 160, 135, 59, 161, 162, 58, 317, 270, 34, 40, 343, 444, 445, 340, 63, 23, 33, 24, 37, 25, 26, 64, 32, 27, 28, 31, 29]
[475, 507, 412, 516, 140, 69, 133, 396, 151, 415, 462, 424, 235, 265, 22, 249, 460, 134, 73, 139, 225, 163, 141]
[106, 230, 228, 116, 499, 505, 495, 474, 494, 227, 83, 520, 173, 333, 70, 397, 346, 336, 506]
[28, 504, 270, 137, 135, 449, 454, 452, 340, 33, 24, 369, 237, 35, 21, 38, 447, 451, 448, 26, 29, 32, 450, 253, 25, 34, 461, 23, 31, 27, 466, 453, 348, 36, 37, 119, 30, 118]
[183, 217, 276, 78, 103, 84, 365, 218, 182, 197, 395, 374, 376, 426, 203, 143, 209, 347, 189, 477, 383, 551, 492, 129, 1, 255, 85, 142, 283, 455, 363, 168, 18, 86, 120]
[369, 343, 445, 253, 450, 161, 348, 160, 59, 118, 60, 66, 64, 444, 448, 453, 62, 40, 317, 21, 159, 461, 63, 119, 237, 454, 451, 162, 449, 452, 137, 447, 504, 61, 65, 466, 158, 58]
[548, 300, 238, 31, 547, 29, 135, 35, 222, 28, 27, 32, 26, 36, 299, 37, 229, 25, 165, 130, 33, 88, 24, 270, 79, 38, 30, 23, 34, 340]
[25, 36, 33, 37, 486, 485, 150, 26, 147, 487, 205, 224, 28, 30, 135, 522, 310, 32, 24, 149, 34, 340, 338, 128, 270, 489, 252, 29, 31, 82, 274, 148, 27, 23, 35, 204, 54, 38]
[502, 121, 304, 503, 501, 500, 414]
[243, 330, 329, 508, 155, 509]
[250, 144, 166, 381, 174, 167, 314, 459, 180, 188, 284, 384, 344]
[466, 368, 253, 237, 447, 118, 348, 451, 504, 437, 428, 213, 475, 449, 20, 429, 212, 119, 452, 435, 211, 430, 369, 448, 137, 431, 136, 225, 21, 453, 126, 432, 186, 434, 433, 461, 436, 374, 450, 427, 454]
[310, 338, 82, 148, 522, 252, 149, 54, 150, 224, 147, 489, 274, 486, 128, 205, 204, 485, 487]
[51, 145]
[408, 91, 80, 316, 425]
[188, 250, 144, 167, 284, 174, 381, 166, 180, 344, 314, 459, 384]
[501, 503, 500, 304, 414, 121, 502]
[470, 448, 545, 137, 466, 268, 450, 484, 406, 267, 348, 449, 369, 118, 264, 504, 237, 453, 379, 21, 451, 22, 461, 443, 447, 460, 119, 266, 411, 253, 452, 269, 454, 326, 550, 405, 50, 206]
[516, 235, 129, 163, 168, 151, 265, 141, 507, 189, 140, 139, 103, 134, 197, 133, 396, 73, 255, 69, 551, 462, 412, 276, 347, 424, 415, 492, 426, 249]
[554, 312, 432, 195, 211, 431, 178, 378, 460, 190, 136, 374, 436, 126, 212, 192, 196, 22, 97, 368, 20, 430, 521, 194, 91, 191, 467, 186, 408, 331, 213, 313, 552, 425, 193, 553, 429, 427, 316, 435, 132, 433, 437, 385, 434, 334, 428]
[27, 340, 26, 33, 25, 31, 34, 38, 35, 135, 28, 32, 36, 23, 24, 37, 30, 29, 270]
[330, 243, 329, 508, 509, 155]
[61, 159, 58, 62, 64, 158, 65, 162, 66, 317, 160, 503, 445, 60, 121, 59, 502, 161, 63, 414, 40, 444, 501, 500, 343, 304]
[22, 138, 463, 179, 460, 311, 478, 479, 481, 480]
[227, 228, 67, 499, 495, 83, 230, 157, 397, 336, 525, 68, 506, 106, 468, 70, 505, 173, 333, 494, 116, 346, 520, 226, 474]
[255, 168, 197, 103, 189, 426, 551, 492, 276, 129, 347]
[17, 377, 519]
[317, 160, 66, 444, 60, 158, 59, 161, 445, 58, 40, 159, 65, 162, 64, 63, 62, 343, 61]
[426, 455, 551, 365, 383, 492, 276, 365, 168, 363, 363, 383, 129, 189, 255, 197, 347, 455, 103]
[234, 439, 309, 201, 187, 107, 202, 74, 490, 388, 200]
[67, 68, 226, 525, 468, 157]
[182, 18, 86, 203, 477, 209, 1, 84, 78, 142, 183, 218, 395, 143, 217, 283, 120, 374, 85, 376]
[168, 276, 551, 255, 189, 492, 103, 347, 426, 197, 129]
[496, 24, 254, 27, 157, 31, 468, 38, 67, 23, 30, 37, 491, 226, 32, 33, 25, 68, 26, 36, 270, 340, 34, 35, 28, 135, 29, 525]
[95, 318]
[524, 246, 418, 275, 98, 146, 49]
[264, 484, 266, 50, 269, 406, 411, 545, 267, 268, 460, 22, 379, 206, 443, 405, 470, 550, 326]
[447, 348, 237, 137, 20, 434, 466, 452, 430, 453, 449, 369, 427, 436, 450, 429, 432, 461, 119, 253, 21, 213, 368, 437, 186, 451, 435, 126, 136, 212, 431, 118, 211, 454, 448, 374, 504, 428, 433]
[445, 140, 265, 158, 66, 161, 59, 396, 249, 60, 343, 63, 444, 40, 141, 462, 159, 62, 424, 64, 69, 73, 133, 61, 415, 65, 134, 160, 507, 139, 162, 151, 235, 412, 58, 163, 317, 516]
[28, 63, 61, 34, 340, 445, 444, 343, 40, 23, 159, 64, 38, 270, 30, 317, 24, 33, 66, 158, 62, 25, 31, 58, 29, 160, 60, 162, 135, 35, 26, 37, 36, 32, 27, 491, 161, 65, 496, 59]
[392, 262, 263, 394, 258, 390, 16, 257, 261, 471, 391, 393, 259, 260]
[550, 468, 405, 226, 470, 460, 326, 484, 267, 67, 525, 266, 50, 379, 269, 545, 443, 411, 22, 264, 157, 68, 268, 406, 206]
[58, 317, 160, 29, 40, 158, 65, 502, 26, 37, 270, 161, 36, 31, 414, 304, 33, 23, 28, 61, 60, 135, 340, 445, 162, 63, 64, 501, 38, 444, 503, 32, 27, 343, 24, 159, 121, 34, 500, 25, 62, 30, 59, 35, 66]
[186, 434, 374, 437, 430, 427, 213, 20, 436, 212, 432, 368, 431, 211, 428, 429, 433, 136, 126, 435]
[9, 321, 231, 322, 210, 518, 6, 115, 273, 207, 105, 446, 13, 12, 4, 277, 11, 96, 10, 5, 8, 198, 7, 272, 221, 219]
[246, 418, 315, 275, 174, 314, 384, 524, 49, 98, 459, 404, 146]
[242, 460, 332, 22, 378, 467]
[70, 494, 116, 397, 333, 506, 336, 474, 83, 230, 173, 495, 106, 346, 228, 499, 227, 520, 505]
[140, 235, 412, 163, 134, 249, 141, 415, 73, 424, 507, 516, 462, 69, 265, 139, 151, 396, 133]
[515]
[65, 64, 60, 161, 445, 62, 317, 343, 63, 159, 160, 59, 444, 61, 40, 66, 58, 162, 158]
[450, 503, 502, 348, 501, 454, 500, 137, 466, 414, 21, 304, 453, 121, 118, 452, 504, 451, 237, 369, 253, 449, 448, 447, 461, 119]
[143, 209, 283, 376, 218, 18, 477, 1, 78, 203, 86, 183, 120, 84, 85, 374, 182, 395, 142, 217]
[229, 548, 88, 130, 79, 165]
[227, 349, 495, 83, 505, 488, 520, 476, 106, 474, 251, 397, 367, 230, 346, 76, 173, 499, 386, 364, 494, 244, 457, 116, 336, 228, 208, 333, 506, 108, 70]
[38, 29, 270, 525, 25, 33, 30, 32, 36, 340, 157, 24, 28, 226, 23, 27, 26, 468, 67, 34, 37, 35, 31, 68, 135]
[73, 235, 424, 415, 374, 163, 265, 516, 412, 151, 69, 507, 141, 133, 249, 134, 396, 139, 140, 462]
[121, 304, 502, 501, 500, 503, 239, 414, 410]
[85, 283, 209, 86, 477, 78, 376, 84, 217, 203, 120, 183, 1, 218, 374, 142, 143, 182, 18, 395]
[103, 476, 364, 234, 202, 242, 201, 197, 467, 251, 200, 168, 244, 108, 378, 426, 187, 475, 349, 225, 551, 490, 22, 332, 129, 386, 457, 367, 255, 309, 189, 76, 388, 276, 460, 347, 208, 492, 107, 74, 439, 488]
[134, 415, 424, 424, 415, 412, 412, 462, 462, 396, 396, 103, 265, 507, 265, 507, 249, 249, 516, 129, 235, 516, 235, 163, 163, 168, 151, 151, 141, 141, 189, 140, 140, 139, 139, 197, 134, 133, 133, 73, 73, 255, 69, 69, 276, 347, 426, 492, 551]
[198, 437, 277, 368, 20, 431, 430, 427, 436, 136, 432, 186, 115, 428, 211, 212, 273, 231, 126, 96, 434, 272, 433, 446, 429, 435, 213]
[545, 264, 406, 269, 443, 411, 22, 484, 206, 266, 326, 50, 460, 379, 267, 550, 405, 268, 470]
[377, 17, 273, 272, 198, 446, 96, 277, 231, 115]
[235, 134, 133, 73, 69, 222, 66, 412, 462, 507, 62, 300, 158, 547, 396, 299, 516, 159, 61, 265, 65, 160, 249, 64, 60, 161, 445, 59, 162, 163, 238, 151, 317, 58, 424, 141, 343, 63, 140, 40, 444, 415, 139]
[491, 496]
[448, 452, 137, 447, 453, 348, 461, 253, 450, 119, 504, 22, 454, 449, 466, 460, 118, 21, 451, 237, 369]
[327, 185, 328, 214]
[412, 396, 163, 462, 139, 151, 134, 69, 73, 141, 424, 415, 140, 249, 516, 265, 133, 235, 507]
[436, 429, 374, 368, 433, 136, 20, 212, 435, 213, 431, 186, 437, 427, 126, 434, 211, 432, 428, 430]
[300, 485, 299, 238, 486, 222, 547, 487, 328, 4, 327, 338, 5, 214, 6, 7, 185, 54, 8, 489, 9, 10, 11, 12, 522, 310, 13, 105, 207, 82, 210, 219, 221, 321, 322, 128, 518, 274, 147, 252, 148, 224, 149, 150, 205, 204]
[500, 501, 503, 414, 304, 502, 121]
[453, 447, 348, 21, 369, 454, 449, 137, 504, 118, 119, 253, 451, 466, 450, 237, 452, 448, 461]
[351, 352, 419, 314, 524, 49, 98, 358, 275, 246, 359, 360, 361, 146, 350, 174, 353, 354, 459, 418, 355, 199, 356, 384, 362, 357]
[446, 277, 327, 214, 7, 6, 231, 363, 221, 272, 219, 518, 322, 365, 210, 455, 207, 105, 115, 13, 4, 273, 12, 321, 11, 96, 10, 383, 5, 9, 328, 198, 185, 8]
[374]
[447, 466, 311, 452, 461, 450, 138, 480, 478, 21, 253, 179, 348, 481, 453, 118, 463, 454, 449, 22, 137, 369, 237, 448, 504, 460, 479, 119, 451]
[51, 145, 254]
[485, 252, 522, 205, 204, 128, 486, 224, 54, 338, 310, 487, 148, 149, 489, 274, 150, 147, 82]
[137, 369, 157, 21, 504, 466, 68, 453, 452, 451, 448, 226, 119, 348, 67, 447, 525, 449, 468, 253, 237, 461, 454, 450, 118]
[338, 461, 310, 149, 21, 454, 274, 237, 137, 448, 118, 128, 253, 119, 147, 224, 485, 54, 451, 504, 453, 348, 487, 489, 522, 82, 466, 369, 204, 449, 148, 150, 450, 447, 205, 452, 486, 252]
[61, 24, 33, 157, 23, 340, 445, 26, 444, 68, 343, 32, 40, 34, 270, 317, 27, 58, 162, 37, 161, 135, 59, 160, 35, 28, 60, 226, 159, 67, 158, 38, 31, 66, 62, 29, 525, 65, 36, 30, 468, 63, 25, 64]
[96, 88, 277, 115, 272, 377, 273, 130, 404, 17, 198, 548, 410, 239, 165, 229, 72, 79, 231, 423, 446]
[161, 158, 40, 61, 66, 59, 317, 159, 445, 60, 343, 64, 162, 58, 62, 160, 63, 444, 65]
[46, 237, 453, 184, 251, 2, 3, 76, 303, 45, 364, 14, 447, 451, 452, 369, 41, 504, 457, 42, 118, 348, 137, 375, 449, 169, 476, 152, 466, 108, 448, 119, 488, 349, 104, 367, 544, 44, 461, 253, 366, 81, 244, 450, 43, 21, 208, 47, 386, 454]
[338, 23, 24, 25, 26, 522, 27, 489, 28, 487, 29, 486, 30, 485, 31, 32, 310, 33, 274, 34, 252, 35, 224, 205, 36, 204, 37, 38, 150, 149, 135, 148, 270, 147, 340, 128, 82, 54]
[64, 343, 59, 159, 444, 62, 160, 40, 445, 58, 161, 65, 63, 60, 66, 162, 317, 158, 61]
[404]
[13, 410, 210, 10, 6, 7, 11, 4, 321, 9, 5, 72, 105, 12, 207, 423, 221, 518, 239, 322, 8, 219]
[477, 317, 183, 340, 33, 159, 31, 135, 63, 374, 78, 86, 218, 65, 395, 161, 36, 34, 120, 376, 29, 58, 203, 40, 444, 27, 61, 84, 182, 24, 18, 64, 30, 25, 160, 270, 62, 445, 85, 217, 143, 343, 209, 35, 28, 142, 1, 37, 59, 38, 23, 66, 158, 26, 283, 162, 60, 32]
[149, 62, 148, 159, 445, 60, 310, 274, 54, 63, 160, 128, 150, 444, 205, 82, 338, 59, 158, 522, 61, 204, 147, 65, 343, 161, 64, 252, 485, 40, 489, 162, 486, 224, 58, 66, 317, 487]
[25, 30, 270, 28, 26, 32, 38, 37, 28, 27, 35, 24, 340, 34, 270, 36, 34, 135, 31, 36, 27, 37, 23, 24, 23, 31, 26, 38, 33, 29, 29, 30, 340, 25, 135, 32, 35, 33]
[491, 496]
[135, 35, 34, 340, 24, 29, 38, 26, 32, 33, 28, 25, 30, 270, 23, 37, 31, 36, 27]
[273, 231, 115, 446, 277, 272, 96, 198]
[310, 147, 128, 149, 487, 489, 224, 148, 149, 205, 82, 338, 252, 522, 82, 205, 486, 274, 522, 252, 148, 274, 485, 150, 150, 486, 310, 487, 147, 338, 54, 224, 128, 485, 489, 204, 54, 204]
[516, 73, 134, 133, 69, 139, 198, 415, 231, 140, 272, 462, 141, 412, 115, 222, 424, 151, 238, 273, 299, 396, 96, 163, 300, 507, 547, 235, 265, 446, 277, 249]
[496, 491]
[226, 67, 468, 68, 157, 525]
[462, 133, 396, 134, 424, 249, 139, 412, 140, 265, 516, 507, 69, 73, 163, 141, 235, 415, 151]
[225, 107, 76, 467, 309, 378, 251, 349, 364, 244, 388, 476, 187, 332, 488, 457, 200, 367, 490, 208, 282, 475, 201, 74, 242, 22, 467, 202, 386, 439, 460, 108, 234]
[433, 436, 143, 430, 283, 432, 383, 183, 429, 126, 142, 363, 374, 395, 217, 365, 1, 376, 455, 428, 186, 78, 203, 120, 434, 427, 218, 368, 211, 86, 136, 435, 209, 477, 213, 437, 84, 85, 212, 431, 20, 18, 182]
[467, 225, 282, 22, 467, 378, 385, 475, 460]
[157, 436, 525, 431, 212, 428, 211, 20, 434, 226, 186, 213, 67, 429, 435, 430, 468, 368, 432, 437, 68, 126, 427, 433, 136]
[460, 22, 425, 385, 378, 316, 91, 225, 475, 408, 467]
[68, 226, 525, 157, 468, 67]
[246, 49, 418, 98, 524, 146, 275]
[311, 478, 479, 179, 460, 487, 201, 338, 481, 486, 74, 149, 148, 200, 202, 147, 475, 489, 204, 82, 224, 22, 463, 309, 522, 225, 128, 252, 107, 490, 480, 187, 234, 485, 310, 150, 388, 274, 54, 439, 205, 138]
[355, 354, 111, 362, 360, 48, 419, 361, 352, 110, 357, 350, 199, 109, 353, 356, 472, 473, 359, 112, 351, 358]
[51, 49, 146, 246, 275, 145, 418, 524, 98]
[229, 519, 17, 377, 404, 239, 548, 410, 165, 72, 130, 423, 88, 79]
[434, 427, 374, 186, 20, 484, 443, 211, 266, 20, 433, 431, 368, 264, 213, 136, 206, 374, 211, 268, 126, 186, 470, 379, 22, 435, 437, 428, 126, 435, 431, 428, 437, 432, 430, 267, 436, 550, 50, 429, 406, 136, 430, 545, 433, 326, 374, 269, 429, 434, 427, 405, 212, 411, 212, 368, 436, 213, 460, 432]
[56, 371, 363, 420, 271, 189, 551, 323, 407, 129, 365, 372, 255, 245, 421, 492, 276, 168, 426, 197, 347, 510, 383, 319, 103, 455]
[368, 212, 430, 126, 211, 434, 433, 436, 186, 432, 428, 437, 427, 213, 20, 429, 435, 374, 431, 136]
[95, 318, 423, 519, 72]
[115, 133, 134, 163, 73, 69, 273, 265, 249, 231, 412, 446, 277, 396, 415, 141, 140, 96, 507, 139, 462, 272, 424, 516, 235, 151, 198]
[383, 363, 365, 455]
[49, 524, 275, 246, 98, 146, 418]
[206, 550, 268, 460, 379, 22, 266, 484, 470, 443, 545, 50, 269, 267, 411, 264, 326, 405, 406]
[264, 550, 470, 206, 269, 268, 267, 50, 545, 411, 326, 460, 484, 405, 266, 379, 406, 443, 22]
[119, 137, 450, 150, 348, 82, 205, 51, 274, 522, 54, 145, 310, 461, 128, 149, 454, 451, 204, 237, 449, 489, 369, 452, 338, 252, 21, 504, 147, 487, 118, 224, 448, 466, 148, 253, 485, 453, 486, 447]
[116, 495, 388, 228, 397, 333, 475, 83, 336, 234, 187, 499, 173, 22, 201, 225, 309, 494, 460, 70, 474, 506, 200, 202, 230, 74, 505, 107, 346, 439, 490, 227, 520, 106]
[397, 228, 227, 70, 499, 506, 495, 505, 474, 83, 494, 520, 230, 333, 336, 346, 106, 116, 173]
[33, 23, 135, 135, 270, 26, 35, 30, 340, 37, 31, 23, 29, 34, 38, 31, 27, 25, 25, 37, 35, 33, 340, 27, 36, 270, 38, 32, 30, 29, 34, 32, 24, 26, 36, 24, 28, 28]
[136, 211, 368, 436, 437, 435, 374, 186, 434, 212, 433, 432, 20, 431, 430, 213, 126, 429, 428, 427]
[72, 414, 239, 377, 304, 410, 519, 503, 501, 121, 17, 502, 500, 423]
[51, 300, 299, 238, 145, 222, 547]
[503, 304, 501, 414, 502, 500, 121]
[95, 318]
[486, 24, 135, 274, 54, 224, 33, 522, 25, 149, 26, 29, 27, 338, 23, 34, 30, 205, 310, 252, 148, 340, 36, 147, 31, 37, 487, 35, 270, 38, 32, 204, 150, 128, 28, 489, 485, 82]
[340, 24, 26, 38, 270, 25, 34, 29, 33, 27, 37, 28, 31, 35, 36, 32, 23, 30, 135]
[252, 486, 148, 204, 82, 222, 299, 487, 328, 4, 327, 485, 5, 214, 6, 300, 518, 185, 7, 224, 147, 149, 489, 8, 547, 9, 10, 338, 11, 322, 522, 54, 12, 274, 13, 128, 105, 150, 310, 221, 207, 205, 210, 321, 219, 238]
[347, 500, 72, 103, 551, 414, 377, 239, 95, 276, 410, 519, 503, 414, 255, 423, 197, 502, 17, 318, 189, 304, 503, 304, 492, 426, 501, 129, 121, 121, 501, 500, 168, 502]
[165, 79, 17, 548, 88, 277, 273, 72, 410, 231, 446, 423, 130, 239, 377, 96, 198, 404, 272, 229, 115]
[467, 140, 525, 134, 385, 157, 226, 316, 67, 415, 141, 69, 68, 462, 412, 408, 163, 424, 73, 139, 235, 516, 378, 91, 265, 151, 374, 133, 507, 249, 425, 396, 468]
[454, 21, 205, 147, 485, 224, 148, 150, 253, 452, 137, 489, 338, 453, 149, 369, 449, 204, 119, 237, 451, 461, 128, 54, 522, 274, 310, 348, 450, 447, 252, 466, 448, 487, 504, 486, 118, 82]
[520, 230, 474, 506, 228, 116, 495, 346, 499, 106, 83, 505, 336, 397, 70, 494, 173, 227, 333]
[61, 159, 58, 64, 60, 343, 62, 160, 63, 445, 59, 40, 317, 161, 66, 65, 444, 158, 162]
[226, 67, 68, 157, 468, 525]
[508, 509, 155, 330, 243, 329]
[26, 23, 32, 31, 340, 37, 28, 36, 30, 27, 34, 33, 25, 29, 135, 38, 270, 35, 24]
[447, 119, 452, 253, 450, 448, 348, 454, 451, 369, 118, 466, 504, 237, 21, 449, 137, 453, 461]
[228, 494, 346, 333, 70, 499, 106, 397, 336, 227, 83, 505, 116, 495, 230, 173, 520, 474, 506]
[157, 68, 226, 468, 525, 374, 67]
[485, 82, 310, 128, 274, 54, 338, 547, 547, 300, 300, 147, 299, 299, 238, 238, 252, 486, 204, 148, 222, 222, 487, 224, 149, 489, 522, 150, 205]
[418, 246, 524, 98, 548, 229, 165, 88, 49, 146, 130, 79, 275]
[120, 276, 365, 249, 78, 492, 209, 189, 283, 383, 86, 516, 265, 365, 84, 103, 383, 507, 462, 140, 197, 163, 69, 426, 412, 363, 363, 455, 424, 255, 183, 151, 182, 134, 18, 85, 168, 551, 415, 376, 218, 235, 142, 139, 203, 1, 395, 477, 129, 396, 141, 217, 347, 73, 143, 455, 133]
[201, 200, 234, 74, 439, 107, 388, 309, 187, 490, 202]
[157, 525, 226, 68, 468, 67]
[244, 367, 364, 457, 386, 349, 76, 476, 108, 251, 208, 488]
[30, 162, 34, 62, 270, 64, 445, 37, 23, 317, 135, 24, 28, 161, 35, 61, 158, 40, 27, 59, 159, 343, 31, 340, 65, 33, 25, 160, 38, 26, 60, 444, 36, 63, 66, 32, 58, 29]
[28, 36, 67, 255, 25, 197, 38, 270, 347, 276, 32, 189, 29, 168, 103, 37, 468, 340, 426, 68, 129, 33, 157, 23, 31, 27, 551, 26, 34, 135, 492, 35, 30, 525, 24, 226]
[451, 369, 253, 118, 137, 449, 461, 21, 450, 466, 348, 119, 453, 452, 237, 447, 454, 504, 448]
[485, 37, 150, 204, 36, 38, 149, 67, 205, 35, 135, 148, 224, 270, 68, 34, 147, 340, 128, 252, 33, 157, 82, 274, 54, 32, 226, 310, 31, 338, 468, 30, 525, 29, 486, 28, 487, 27, 489, 522, 26, 25, 24, 23]
[491, 496]
[272, 115, 231, 96, 198, 277, 446, 273]
[485, 33, 338, 37, 204, 487, 135, 148, 28, 149, 224, 147, 205, 489, 310, 252, 270, 27, 32, 150, 34, 522, 54, 35, 274, 36, 26, 23, 340, 486, 128, 25, 38, 82, 29, 30, 31, 24]
[395, 59, 283, 1, 162, 183, 217, 477, 445, 159, 85, 65, 218, 160, 78, 86, 376, 40, 444, 209, 120, 64, 142, 60, 62, 343, 161, 63, 84, 58, 18, 158, 203, 61, 143, 374, 66, 317, 182]
[209, 143, 218, 217, 84, 182, 1, 85, 78, 203, 183, 477, 120, 395, 18, 283, 86, 376, 142]
[242, 467, 378, 332]
[348, 119, 162, 118, 267, 550, 206, 444, 62, 545, 451, 447, 398, 137, 63, 52, 450, 504, 448, 50, 466, 64, 452, 445, 59, 379, 443, 484, 21, 461, 405, 58, 317, 387, 269, 343, 158, 22, 454, 399, 66, 160, 460, 406, 161, 449, 237, 40, 65, 369, 264, 411, 453, 253, 326, 268, 470, 159, 61, 266, 60]
[37, 158, 445, 62, 444, 162, 340, 58, 26, 32, 270, 38, 66, 60, 64, 160, 161, 27, 491, 343, 159, 40, 65, 30, 496, 23, 34, 24, 28, 63, 31, 35, 317, 135, 59, 29, 36, 33, 61, 25]
[270, 30, 26, 36, 31, 225, 35, 38, 340, 27, 34, 37, 33, 475, 29, 23, 32, 135, 28, 25, 24]
[241, 540, 132, 553, 526, 195, 536, 521, 528, 534, 190, 535, 519, 538, 331, 178, 527, 530, 95, 191, 318, 97, 533, 313, 542, 196, 192, 539, 193, 537, 194, 532, 531, 312, 554, 541, 334, 552, 529]
[23, 38, 36, 32, 340, 34, 26, 25, 226, 27, 67, 157, 135, 24, 35, 37, 31, 525, 270, 29, 30, 33, 468, 68, 28]
[387, 52, 399, 398]
[226, 316, 467, 68, 192, 192, 84, 334, 334, 193, 193, 85, 194, 194, 425, 78, 191, 191, 376, 477, 86, 195, 195, 521, 521, 120, 18, 142, 196, 190, 190, 196, 525, 143, 378, 283, 385, 182, 1, 67, 468, 312, 178, 178, 312, 408, 183, 552, 552, 218, 203, 331, 554, 91, 554, 395, 313, 313, 132, 132, 209, 157, 331, 97, 97, 553, 553, 217]
[374]
[460, 540, 539, 526, 538, 528, 225, 533, 537, 475, 534, 535, 282, 531, 241, 529, 542, 530, 527, 541, 22, 385, 467, 467, 532, 536, 378]
[439, 234, 187, 490, 448, 452, 253, 118, 504, 202, 388, 466, 447, 449, 309, 201, 137, 369, 454, 348, 107, 119, 237, 200, 450, 74, 21, 451, 461, 453]
[430, 61, 136, 126, 64, 62, 63, 317, 435, 445, 40, 436, 158, 428, 213, 434, 432, 431, 66, 211, 20, 368, 427, 444, 161, 60, 58, 212, 186, 343, 162, 433, 65, 159, 437, 429, 59, 160, 374]
[129, 168, 347, 197, 276, 492, 189, 255, 551, 103, 426]
[477, 84, 395, 365, 183, 78, 209, 182, 120, 218, 1, 283, 217, 455, 18, 203, 143, 142, 376, 383, 363, 86, 85]
[198, 239, 284, 404, 335, 410, 144, 231, 166, 344, 180, 381, 72, 115, 315, 446, 250, 277, 96, 273, 272, 167, 423, 188, 153]
[37, 23, 24, 25, 26, 27, 28, 29, 30, 31, 32, 33, 34, 340, 270, 35, 135, 36, 38]
[255, 550, 379, 76, 476, 364, 443, 386, 206, 411, 244, 50, 129, 266, 551, 488, 251, 457, 276, 349, 406, 197, 267, 545, 208, 367, 460, 347, 268, 103, 470, 405, 22, 264, 189, 269, 492, 426, 108, 168, 326, 484]
[443, 208, 326, 244, 318, 457, 349, 405, 95, 364, 379, 266, 550, 269, 470, 22, 268, 264, 406, 411, 476, 76, 484, 251, 386, 206, 267, 367, 460, 545, 50, 488, 108]
[25, 34, 29, 340, 31, 270, 135, 35, 26, 23, 37, 24, 36, 32, 28, 38, 27, 30, 33]
[128, 274, 252, 82, 54, 310, 147, 254, 338, 485, 224, 204, 148, 486, 487, 149, 489, 205, 522, 150]
[461, 466, 454, 137, 21, 451, 450, 369, 449, 448, 237, 447, 452, 504, 348, 119, 453, 253, 118]
[299, 547, 235, 69, 139, 424, 265, 134, 163, 415, 222, 300, 516, 462, 507, 396, 151, 140, 249, 73, 141, 412, 133, 238]
[332, 364, 244, 242, 386, 208, 488, 349, 457, 367, 76, 108, 251, 476]
[203, 183, 162, 317, 182, 66, 18, 143, 283, 1, 63, 61, 58, 343, 142, 376, 59, 158, 120, 444, 159, 78, 374, 64, 161, 60, 40, 62, 86, 65, 209, 445, 85, 84, 477, 160, 217, 395, 218]
[197, 134, 129, 412, 276, 424, 551, 235, 133, 426, 249, 255, 462, 73, 140, 396, 265, 507, 492, 347, 168, 189, 163, 141, 69, 151, 103, 415, 516, 139]
[209, 1, 18, 78, 84, 85, 86, 120, 142, 143, 182, 183, 203, 217, 218, 283, 376, 395, 477]
[249, 133, 140, 396, 73, 163, 151, 141, 235, 415, 139, 225, 69, 412, 516, 374, 265, 134, 462, 424, 507, 475]
[454, 253, 466, 449, 448, 461, 504, 369, 450, 137, 21, 447, 452, 118, 119, 451, 453, 348, 237]
[160, 30, 23, 158, 40, 135, 270, 33, 27, 159, 317, 445, 444, 28, 61, 36, 25, 24, 63, 66, 65, 161, 58, 343, 31, 38, 32, 34, 60, 35, 26, 29, 62, 162, 59, 37, 64, 340]
[237, 451, 487, 67, 485, 525, 450, 137, 453, 338, 489, 148, 118, 468, 150, 449, 149, 310, 82, 448, 454, 274, 522, 452, 226, 147, 21, 447, 204, 486, 68, 253, 252, 461, 54, 205, 128, 369, 119, 504, 348, 466, 224, 157]
[224, 522, 485, 54, 148, 486, 128, 489, 147, 274, 82, 487, 252, 310, 149, 204, 205, 338, 150]
[516, 134, 415, 462, 507, 265, 424, 151, 235, 141, 396, 249, 139, 412, 69, 133, 140, 163, 73]
[404, 315, 144, 347, 410, 95, 335, 381, 426, 180, 17, 344, 284, 551, 153, 250, 197, 168, 189, 103, 167, 318, 423, 492, 515, 129, 519, 188, 255, 239, 72, 377, 276, 166]
[457, 251, 76, 488, 244, 367, 349, 386, 476, 108, 208, 364]
[508, 407, 243, 319, 245, 420, 371, 155, 271, 323, 509, 510, 421, 330, 372, 56, 329]
[193, 194, 200, 200, 378, 490, 312, 195, 196, 234, 475, 554, 234, 467, 467, 97, 460, 107, 132, 388, 107, 388, 552, 190, 225, 74, 385, 334, 22, 201, 178, 553, 309, 521, 309, 187, 191, 74, 313, 282, 331, 439, 439, 202, 187, 201, 192, 202, 490]
[310, 522, 149, 54, 224, 486, 489, 148, 485, 150, 147, 204, 252, 338, 128, 205, 82, 487, 274]
[514, 216]
[314, 548, 174, 384, 459, 199, 350, 351, 352, 353, 354, 355, 356, 357, 358, 359, 360, 361, 362, 419, 49, 98, 146, 246, 275, 418, 524, 79, 88, 130, 165, 229]
[37, 35, 38, 23, 34, 32, 270, 28, 31, 25, 36, 26, 340, 29, 24, 135, 27, 33, 30]
[160, 66, 161, 444, 59, 343, 63, 159, 40, 62, 64, 58, 317, 162, 65, 61, 60, 158, 445]
[519, 318, 95]
[191, 190, 551, 168, 421, 189, 192, 178, 347, 553, 193, 132, 552, 420, 129, 194, 197, 554, 313, 407, 97, 334, 372, 492, 196, 103, 255, 56, 195, 312, 371, 245, 319, 426, 521, 323, 271, 276, 331, 510]
[358, 246, 98, 353, 174, 355, 350, 146, 351, 314, 360, 354, 352, 199, 356, 361, 384, 362, 357, 49, 275, 359, 419, 418, 459, 524]
[399, 398, 387, 52]
[158, 27, 160, 270, 28, 23, 40, 61, 38, 340, 30, 317, 444, 65, 58, 31, 343, 34, 63, 24, 162, 33, 26, 66, 60, 62, 29, 161, 135, 59, 32, 25, 159, 37, 64, 445, 36, 35]
[128, 252, 485, 274, 149, 204, 487, 148, 82, 489, 54, 486, 522, 338, 150, 310, 205, 147, 224]
[139, 1, 249, 182, 415, 516, 120, 477, 134, 265, 218, 142, 424, 133, 217, 507, 183, 396, 163, 151, 73, 85, 143, 209, 84, 412, 141, 462, 376, 203, 69, 78, 140, 86, 235, 18, 283, 395]
[227, 474, 116, 495, 505, 333, 228, 506, 106, 336, 499, 230, 520, 346, 83, 173, 494, 70, 397]
[534, 275, 524, 49, 246, 533, 526, 98, 475, 527, 540, 542, 528, 225, 146, 385, 532, 529, 539, 378, 535, 425, 536, 91, 467, 541, 418, 241, 531, 537, 408, 530, 316, 22, 538, 460]
[335, 188, 250, 344, 167, 166, 153, 284, 180, 144, 381]
[340, 35, 29, 38, 23, 37, 31, 32, 135, 33, 34, 27, 26, 30, 36, 270, 28, 25, 24]
[333, 228, 230, 227, 173, 520, 116, 336, 106, 506, 83, 346, 505, 70, 499, 397, 455, 495, 383, 474, 365, 494, 363]
[202, 74, 187, 439, 107, 234, 309, 201, 490, 200, 388]
[188, 73, 424, 396, 250, 415, 284, 153, 344, 507, 134, 335, 163, 166, 315, 265, 381, 235, 239, 140, 72, 180, 69, 144, 423, 141, 151, 374, 404, 133, 462, 167, 410, 139, 412, 249, 516]
[226, 468, 525, 157, 67, 68]
[327, 214, 328, 185]
[26, 25, 37, 340, 34, 35, 24, 270, 28, 33, 32, 29, 38, 36, 135, 23, 27, 31, 30]
[507, 73, 238, 412, 462, 396, 265, 415, 299, 249, 424, 516, 235, 163, 151, 141, 140, 139, 222, 69, 547, 134, 133, 300]
[363, 189, 363, 492, 365, 255, 276, 168, 103, 365, 347, 455, 197, 383, 426, 383, 455, 551, 129]
[496, 491]
[22, 225, 460, 475]
[439, 187, 309, 388, 107, 74, 200, 490, 202, 234, 201]
[310, 26, 485, 487, 24, 27, 338, 28, 25, 489, 23, 29, 274, 30, 522, 252, 31, 54, 224, 32, 33, 82, 205, 34, 128, 204, 35, 36, 340, 147, 150, 270, 37, 149, 148, 38, 135, 486]
[29, 38, 34, 32, 148, 25, 30, 82, 135, 35, 36, 486, 150, 310, 23, 204, 28, 147, 270, 522, 224, 33, 31, 149, 252, 205, 54, 128, 489, 26, 487, 27, 338, 24, 340, 485, 274, 37]
[490, 388, 225, 460, 187, 309, 22, 107, 74, 200, 282, 439, 378, 202, 234, 385, 475, 201, 467, 467]
[165, 79, 548, 88, 229, 130, 404]
[238, 300, 502, 299, 222, 500, 414, 304, 501, 503, 547, 121]
[487, 310, 485, 205, 128, 522, 150, 224, 149, 148, 82, 338, 274, 486, 489, 204, 147, 54, 252]
[68, 157, 226, 67, 468, 525]
[332, 242]
[224, 147, 148, 204, 147, 150, 54, 150, 310, 522, 485, 485, 274, 82, 489, 338, 205, 205, 274, 148, 82, 487, 204, 224, 252, 252, 522, 310, 486, 486, 338, 128, 149, 128, 487, 489, 149, 54]
[255, 168, 347, 189, 426, 383, 365, 492, 363, 551, 129, 103, 276, 455, 197]
[82, 32, 27, 486, 148, 28, 37, 310, 135, 274, 36, 150, 29, 522, 24, 270, 35, 338, 147, 489, 38, 252, 30, 204, 340, 25, 34, 26, 54, 128, 31, 23, 33, 205, 485, 224, 487, 149]
[496, 491]
[34, 496, 340, 38, 32, 30, 35, 25, 270, 29, 491, 36, 23, 24, 135, 37, 28, 33, 27, 31, 26]
[310, 274, 522, 252, 338, 54, 224, 82, 487, 205, 485, 128, 204, 147, 150, 486, 148, 149, 489]
[450, 453, 348, 119, 454, 466, 461, 448, 451, 253, 449, 504, 447, 452, 21, 369, 237, 137, 118]
[12, 4, 322, 6, 5, 8, 219, 210, 207, 321, 11, 9, 105, 10, 221, 13, 518, 7]
[212, 132, 20, 429, 192, 435, 191, 196, 430, 434, 313, 374, 428, 553, 190, 126, 436, 312, 378, 431, 521, 460, 193, 334, 552, 316, 186, 97, 178, 433, 22, 368, 437, 194, 91, 467, 385, 195, 427, 408, 211, 554, 213, 331, 432, 136, 425]
[267, 206, 379, 268, 411, 406, 22, 266, 443, 405, 460, 50, 545, 470, 550, 264, 484, 326, 269]
[460, 550, 470, 266, 264, 269, 268, 406, 379, 50, 443, 326, 484, 374, 545, 22, 267, 411, 206, 405]
[491, 496]
[228, 520, 495, 116, 173, 505, 336, 474, 333, 506, 230, 397, 227, 106, 499, 83, 494, 346, 70]
[22, 460, 475, 225]
[126, 429, 213, 437, 427, 423, 432, 368, 433, 186, 430, 211, 435, 72, 428, 434, 436, 374, 136, 431, 20, 212]
[157, 18, 395, 182, 203, 120, 226, 468, 217, 477, 376, 283, 78, 183, 143, 68, 1, 525, 84, 209, 142, 218, 67, 86, 85]
[104, 184, 14, 544, 3, 46, 44, 152, 81, 47, 43, 169, 375, 42, 303, 366, 41, 45, 2]
[49, 246, 418, 524, 275, 146, 98]
[374]
[336, 83, 478, 506, 495, 311, 474, 70, 230, 179, 505, 481, 333, 467, 480, 479, 106, 397, 346, 499, 173, 116, 228, 520, 494, 138, 463, 227]
[95, 318]
[525, 439, 490, 22, 202, 201, 460, 388, 74, 68, 226, 107, 309, 187, 67, 200, 157, 234, 468]
[110, 111, 48, 112, 472, 109, 473, 153]
[191, 408, 467, 554, 553, 552, 521, 334, 331, 313, 378, 312, 196, 195, 194, 193, 192, 190, 178, 132, 91, 97, 385, 316, 425]
[535, 529, 536, 241, 534, 539, 538, 526, 387, 537, 528, 530, 540, 533, 541, 542, 532, 527, 52, 398, 531, 399]
[226, 157, 468, 68, 525, 67]
[56, 318, 372, 510, 421, 420, 95, 319, 323, 245, 377, 407, 17, 371, 271, 519]
[388, 201, 187, 202, 107, 74, 490, 200, 234, 439, 309]
[310, 128, 522, 148, 489, 485, 82, 205, 54, 338, 150, 252, 149, 487, 204, 147, 274, 224, 486]
[270, 222, 238, 238, 26, 28, 38, 135, 25, 299, 299, 24, 29, 36, 34, 300, 300, 33, 30, 547, 547, 31, 340, 23, 35, 32, 27, 222, 37]
[2, 80, 152, 41, 408, 544, 303, 14, 45, 44, 81, 3, 91, 366, 104, 184, 375, 43, 169, 425, 46, 47, 316, 42]
[36, 33, 30, 34, 27, 29, 25, 273, 340, 231, 226, 96, 31, 67, 270, 468, 135, 68, 28, 26, 277, 272, 115, 23, 32, 35, 198, 525, 37, 157, 446, 24, 38]
[205, 522, 150, 487, 252, 338, 128, 274, 310, 486, 489, 204, 148, 82, 224, 485, 54, 147, 149]
[434, 427, 178, 137, 521, 193, 191, 136, 237, 118, 194, 461, 334, 186, 253, 552, 21, 437, 20, 348, 385, 436, 192, 466, 211, 467, 119, 454, 467, 331, 435, 369, 195, 553, 97, 212, 504, 190, 447, 126, 433, 554, 432, 378, 448, 313, 213, 453, 282, 431, 449, 132, 374, 430, 368, 450, 312, 452, 460, 429, 196, 22, 451, 428]
[374]
[54, 252, 486, 150, 204, 338, 310, 149, 128, 487, 522, 224, 147, 274, 82, 489, 485, 205, 148]
[457, 333, 499, 106, 76, 208, 495, 244, 364, 474, 116, 367, 488, 520, 386, 336, 397, 173, 108, 346, 251, 349, 70, 228, 227, 494, 83, 230, 506, 505, 476]
[146, 216, 246, 98, 275, 514, 524, 418, 49]
[25, 36, 33, 270, 29, 26, 340, 31, 24, 37, 30, 34, 23, 28, 135, 27, 38, 35, 32]
[64, 66, 444, 158, 162, 317, 445, 40, 63, 60, 161, 159, 343, 61, 58, 160, 59, 65, 62]
[51, 145]
[336, 394, 2, 506, 228, 495, 230, 104, 3, 494, 397, 259, 14, 45, 544, 260, 393, 106, 173, 41, 375, 474, 42, 366, 257, 392, 83, 520, 81, 303, 258, 43, 391, 499, 184, 261, 505, 70, 44, 169, 16, 263, 390, 152, 46, 227, 116, 471, 47, 333, 262, 346]
[498, 171, 549, 90]
[261, 16, 393, 259, 260, 390, 391, 394, 262, 263, 471, 258, 392, 318, 257, 95]
[522, 487, 147, 252, 82, 148, 486, 485, 338, 205, 54, 149, 204, 310, 224, 128, 150, 274, 489]
[468, 157, 525, 67, 68, 226]
[227, 520, 106, 173, 116, 506, 397, 474, 505, 228, 495, 494, 83, 333, 336, 346, 70, 230, 499]
[299, 418, 300, 300, 222, 547, 238, 238, 299, 524, 98, 547, 246, 222, 146, 275, 49]
[423, 17, 72, 519, 377]
[282, 386, 467, 457, 378, 460, 22, 225, 208, 349, 364, 108, 488, 367, 244, 76, 475, 251, 242, 332, 467, 476]
[157, 68, 226, 455, 383, 363, 67, 365, 525, 468]
[52, 398, 399, 387]
[47, 184, 390, 259, 393, 104, 42, 44, 303, 43, 258, 263, 391, 260, 41, 261, 152, 471, 366, 81, 392, 3, 262, 16, 257, 375, 45, 544, 14, 2, 46, 394, 169]
[408, 408, 378, 425, 425, 316, 91, 316, 91, 467]
[158, 299, 64, 59, 60, 238, 300, 66, 222, 444, 317, 374, 63, 58, 159, 445, 161, 65, 62, 162, 343, 160, 547, 374, 61, 40]
[52, 398, 387, 399]
[130, 204, 522, 149, 150, 165, 224, 548, 128, 147, 145, 252, 51, 489, 54, 205, 274, 82, 338, 148, 485, 88, 487, 229, 486, 310, 79]
[254, 496, 491]
[96, 277, 446, 273, 198, 231, 272, 115]
[40, 343, 66, 64, 158, 63, 65, 62, 159, 61, 160, 547, 300, 60, 299, 238, 161, 59, 222, 58, 162, 317, 445, 444]
[205, 547, 128, 82, 522, 300, 299, 310, 274, 150, 486, 238, 147, 489, 485, 54, 149, 148, 487, 204, 222, 224, 254, 338, 252]
[553, 554, 475, 313, 97, 195, 196, 467, 22, 467, 193, 178, 334, 194, 191, 192, 460, 132, 312, 552, 282, 378, 521, 190, 331, 225, 385]
[466, 447, 119, 453, 118, 237, 67, 137, 226, 448, 348, 68, 454, 450, 461, 451, 504, 21, 253, 525, 157, 369, 468, 449, 452]
[37, 27, 67, 35, 36, 340, 34, 226, 30, 28, 468, 33, 157, 135, 26, 23, 32, 68, 25, 270, 29, 31, 525, 38, 24]
[222, 238, 547, 300, 299]
[38, 257, 22, 25, 312, 178, 26, 258, 16, 24, 27, 460, 313, 196, 190, 28, 408, 225, 91, 378, 23, 132, 29, 259, 37, 554, 30, 425, 331, 467, 31, 475, 97, 32, 316, 553, 33, 471, 334, 195, 385, 191, 262, 260, 340, 394, 34, 35, 393, 270, 552, 392, 194, 261, 263, 391, 135, 36, 521, 193, 390, 192]
[162, 317, 40, 374, 161, 64, 343, 160, 62, 66, 58, 60, 63, 445, 61, 159, 158, 59, 444, 65]
[22, 225, 460, 475]
[91, 408, 533, 536, 534, 527, 385, 532, 541, 539, 316, 378, 528, 531, 542, 241, 22, 425, 538, 540, 530, 529, 460, 467, 526, 537, 535]
[369, 447, 454, 453, 449, 452, 253, 119, 237, 450, 461, 451, 118, 137, 466, 348, 504, 448, 21]
[205, 147, 204, 487, 310, 522, 149, 82, 252, 54, 128, 338, 148, 486, 489, 150, 51, 274, 224, 145, 485]
[33, 24, 29, 37, 34, 26, 28, 35, 340, 36, 27, 25, 270, 31, 23, 30, 32, 38, 135]
[351, 362, 358, 350, 359, 354, 361, 357, 199, 419, 355, 353, 360, 356, 352]
[60, 551, 492, 426, 64, 347, 276, 69, 255, 73, 133, 445, 197, 134, 444, 139, 140, 343, 189, 141, 424, 317, 151, 168, 162, 40, 163, 161, 58, 235, 129, 59, 249, 516, 160, 265, 103, 159, 507, 61, 396, 412, 158, 462, 62, 63, 415, 65, 66]
[22, 460, 475, 225]
[202, 201, 74, 490, 107, 388, 309, 200, 439, 234, 187]
[135, 26, 29, 25, 31, 340, 33, 23, 34, 35, 38, 32, 37, 30, 36, 270, 28, 24, 27]
[116, 179, 495, 506, 346, 333, 311, 227, 83, 106, 505, 479, 173, 70, 397, 480, 474, 336, 478, 228, 138, 463, 494, 230, 520, 481, 499]
[551, 492, 365, 129, 197, 386, 197, 349, 363, 168, 189, 364, 255, 168, 457, 251, 383, 255, 367, 476, 244, 129, 276, 208, 276, 488, 189, 551, 347, 103, 455, 347, 108, 103, 76, 426, 426, 492]
[348, 447, 451, 448, 253, 452, 119, 461, 137, 454, 237, 21, 449, 453, 466, 504, 118, 450, 369]
[50, 266, 264, 206, 545, 460, 379, 22, 405, 406, 550, 411, 443, 470, 484, 269, 268, 267, 326]
[60, 61, 396, 58, 235, 159, 516, 343, 444, 141, 66, 317, 140, 63, 65, 134, 162, 59, 424, 73, 160, 249, 415, 462, 445, 163, 69, 62, 151, 40, 64, 158, 412, 139, 161, 265, 133, 507]
[454, 447, 461, 119, 466, 137, 450, 369, 451, 348, 452, 504, 449, 118, 253, 453, 21, 448, 237]
[24, 160, 135, 445, 62, 317, 158, 27, 34, 60, 36, 65, 61, 23, 161, 444, 58, 32, 270, 38, 37, 340, 63, 31, 28, 30, 159, 59, 25, 35, 40, 33, 162, 343, 64, 29, 26, 66]
[475, 234, 388, 22, 202, 201, 200, 460, 439, 187, 107, 490, 74, 225, 309]
[336, 128, 454, 205, 506, 449, 520, 252, 338, 369, 148, 504, 348, 116, 149, 447, 333, 173, 453, 495, 452, 253, 505, 68, 228, 468, 204, 310, 21, 147, 522, 106, 486, 494, 450, 230, 474, 466, 157, 70, 499, 489, 54, 137, 82, 118, 461, 274, 226, 237, 67, 451, 448, 525, 397, 224, 485, 346, 83, 227, 119, 487, 150]
[119, 468, 449, 447, 525, 137, 450, 369, 226, 67, 118, 451, 466, 348, 504, 452, 157, 253, 68, 453, 21, 237, 454, 461, 448]
[115, 424, 412, 462, 396, 265, 507, 249, 516, 235, 163, 151, 141, 140, 139, 134, 133, 73, 69, 96, 96, 115, 415, 198, 198, 231, 231, 272, 272, 273, 273, 277, 277, 446, 446]
[22, 460]
[548, 165, 229, 79, 88, 130]
[420, 271, 421, 319, 319, 372, 510, 271, 420, 510, 56, 56, 372, 371, 371, 245, 407, 407, 421, 245, 323, 323]
[229, 88, 130, 165, 79, 548]
[374]
[414, 404, 121, 304, 500, 229, 502, 239, 165, 503, 79, 88, 130, 548, 501, 410]
[532, 467, 336, 535, 228, 346, 70, 536, 506, 480, 378, 333, 528, 542, 529, 425, 537, 463, 530, 481, 494, 479, 538, 106, 541, 527, 116, 531, 495, 520, 534, 91, 311, 173, 505, 397, 408, 83, 526, 241, 478, 474, 227, 230, 540, 138, 539, 316, 179, 385, 533, 467, 499]
[54, 204, 82, 149, 274, 485, 150, 310, 486, 252, 148, 338, 487, 128, 224, 522, 147, 205, 489]
[353, 354, 384, 95, 360, 423, 199, 146, 361, 377, 351, 17, 315, 362, 419, 275, 524, 357, 410, 318, 49, 174, 358, 418, 356, 459, 404, 519, 314, 355, 246, 359, 350, 72, 239, 352, 98]
[22, 68, 406, 206, 550, 266, 405, 525, 157, 226, 545, 268, 411, 269, 443, 460, 264, 468, 326, 484, 379, 67, 267, 50, 470]
[22, 225, 374, 475, 460]
[407, 510, 245, 271, 319, 323, 56, 371, 372, 420, 421]
[432, 428, 437, 186, 433, 126, 211, 427, 368, 213, 436, 430, 374, 435, 431, 434, 212, 429, 136, 20]
[208, 91, 488, 476, 332, 316, 386, 425, 108, 242, 251, 408, 367, 349, 364, 244, 457, 76]
[374, 525, 468, 226, 67, 157, 68]
[193, 22, 91, 132, 192, 195, 428, 378, 334, 374, 368, 430, 312, 374, 435, 194, 191, 212, 213, 467, 460, 431, 211, 186, 427, 313, 425, 178, 408, 432, 196, 434, 190, 554, 429, 433, 553, 331, 126, 385, 552, 521, 436, 437, 97, 316, 136, 20]
[18, 66, 58, 203, 28, 61, 23, 209, 363, 496, 445, 365, 84, 64, 283, 120, 376, 143, 24, 27, 40, 491, 158, 37, 218, 26, 63, 161, 383, 270, 60, 343, 160, 32, 340, 317, 34, 30, 85, 142, 182, 38, 78, 25, 455, 31, 62, 36, 444, 135, 374, 86, 477, 65, 162, 159, 183, 59, 35, 217, 395, 1, 29, 33]
[37, 23, 159, 61, 445, 28, 62, 31, 158, 24, 65, 60, 38, 32, 444, 63, 30, 25, 160, 340, 36, 59, 33, 26, 66, 161, 64, 29, 58, 343, 27, 135, 162, 35, 34, 40, 270, 317]
[358, 314, 362, 275, 410, 231, 357, 146, 418, 356, 404, 49, 419, 198, 355, 239, 446, 384, 354, 199, 524, 96, 353, 272, 273, 352, 315, 459, 351, 277, 174, 350, 361, 423, 98, 246, 360, 72, 115, 359]
[191, 67, 552, 68, 408, 425, 467, 385, 553, 316, 97, 157, 521, 132, 91, 178, 554, 190, 226, 334, 192, 193, 194, 195, 468, 331, 196, 312, 525, 378, 313]
[150, 274, 224, 149, 204, 147, 522, 205, 485, 252, 338, 486, 310, 82, 54, 489, 148, 128, 487]
[4, 6, 272, 10, 210, 518, 5, 231, 8, 219, 321, 446, 7, 273, 9, 198, 221, 12, 105, 13, 207, 115, 96, 277, 11, 322]
[26, 23, 33, 27, 30, 34, 37, 340, 31, 32, 35, 36, 270, 24, 135, 38, 25, 28, 29]
[225, 475, 22, 460, 374]
[475, 225, 460, 22]
[462, 235, 241, 516, 533, 235, 22, 134, 408, 530, 516, 412, 462, 542, 378, 528, 425, 527, 541, 396, 141, 535, 396, 536, 141, 134, 537, 529, 133, 133, 531, 526, 265, 265, 534, 507, 151, 151, 467, 460, 540, 139, 507, 140, 91, 415, 163, 412, 385, 424, 532, 73, 73, 538, 163, 249, 316, 249, 424, 140, 415, 139, 69, 539, 69]
[250, 180, 344, 144, 284, 404, 315, 335, 188, 381, 167, 166]
[496, 254, 491, 306, 307, 308]
[135, 29, 491, 27, 36, 35, 33, 270, 32, 37, 23, 340, 496, 31, 24, 34, 38, 28, 25, 30, 26]
[459, 419, 275, 146, 362, 360, 384, 352, 359, 358, 98, 314, 165, 246, 418, 548, 353, 174, 357, 88, 199, 356, 229, 354, 79, 355, 351, 361, 350, 130, 49, 524]
[144, 381, 410, 167, 423, 250, 180, 239, 153, 344, 404, 284, 315, 72, 188, 166, 335]
[76, 70, 446, 108, 495, 244, 277, 227, 96, 336, 386, 116, 251, 333, 349, 273, 367, 488, 173, 520, 208, 198, 506, 228, 397, 115, 83, 499, 476, 474, 457, 272, 230, 231, 346, 494, 364, 505, 106]
[246, 524, 98, 275, 418, 49, 146]
[115, 96, 198, 273, 231, 272, 446, 277]
[474, 46, 303, 2, 169, 116, 44, 42, 499, 152, 228, 106, 184, 336, 41, 173, 375, 227, 14, 45, 47, 505, 495, 494, 70, 83, 544, 3, 506, 333, 81, 366, 230, 346, 520, 43, 104, 397]
[474, 397, 346, 227, 506, 505, 116, 520, 173, 106, 499, 495, 83, 228, 494, 230, 336, 70, 333]
[485, 487, 224, 148, 310, 204, 486, 338, 205, 82, 252, 149, 150, 522, 147, 489, 274, 54, 128]
[86, 317, 40, 395, 84, 343, 162, 18, 58, 376, 85, 161, 1, 59, 444, 78, 477, 374, 60, 160, 120, 445, 283, 61, 142, 159, 62, 66, 143, 63, 218, 158, 182, 65, 64, 183, 217, 203, 209]
[529, 56, 271, 527, 541, 530, 319, 526, 540, 542, 323, 531, 371, 539, 241, 528, 372, 532, 407, 510, 538, 387, 533, 420, 537, 399, 398, 536, 421, 534, 52, 535, 245]
[480, 479, 481, 463, 311, 179, 138, 475, 225, 460, 22, 478, 490, 439, 388, 309, 234, 202, 201, 200, 187, 107, 74]
[426, 255, 129, 276, 551, 197, 103, 189, 492, 168, 347]
[179, 311, 479, 463, 480, 478, 481, 138]
[377, 72, 423, 17, 519]
[150, 274, 338, 489, 310, 522, 54, 485, 147, 252, 487, 224, 149, 82, 148, 205, 128, 486, 204]
[67, 68, 157, 468, 525, 226]
[371, 372, 407, 420, 510, 245, 323, 421, 56, 319, 271]
[336, 228, 7, 214, 520, 505, 70, 106, 11, 333, 327, 272, 10, 322, 4, 83, 8, 346, 116, 105, 185, 238, 299, 207, 115, 230, 96, 198, 6, 518, 495, 300, 499, 219, 13, 474, 9, 227, 494, 397, 273, 221, 547, 231, 173, 222, 506, 5, 446, 328, 12, 321, 277, 210]
[60, 40, 317, 40, 317, 161, 126, 162, 59, 20, 58, 58, 162, 432, 65, 368, 428, 64, 64, 436, 158, 158, 213, 63, 63, 429, 66, 435, 212, 445, 445, 159, 62, 159, 211, 62, 430, 444, 434, 61, 444, 61, 427, 160, 437, 186, 66, 160, 343, 59, 343, 65, 433, 60, 431, 136, 161]
[474, 41, 494, 525, 42, 169, 43, 520, 499, 152, 47, 333, 70, 397, 45, 83, 104, 68, 505, 44, 230, 226, 116, 346, 336, 67, 157, 495, 303, 2, 227, 375, 3, 46, 468, 544, 81, 184, 506, 228, 173, 14, 366, 106]
[81, 46, 70, 104, 45, 397, 83, 346, 44, 152, 43, 169, 42, 41, 184, 106, 14, 506, 3, 303, 2, 366, 336, 116, 375, 474, 499, 544, 520, 173, 333, 227, 494, 495, 228, 230, 505, 47]
[17, 239, 327, 95, 328, 519, 410, 72, 318, 423, 214, 185, 377]
[59, 140, 317, 40, 161, 163, 60, 139, 343, 4, 5, 134, 374, 235, 105, 61, 160, 444, 133, 6, 249, 62, 415, 7, 516, 445, 73, 8, 159, 69, 265, 9, 63, 518, 13, 66, 322, 10, 507, 396, 321, 11, 64, 158, 221, 12, 412, 219, 462, 65, 424, 210, 162, 141, 207, 151, 58]
[147, 486, 149, 522, 204, 82, 487, 224, 485, 489, 148, 128, 338, 205, 150, 54, 252, 310, 274]
[414, 51, 222, 299, 547, 503, 500, 121, 304, 502, 501, 238, 300, 145]
[525, 137, 447, 453, 226, 348, 466, 119, 68, 449, 67, 504, 452, 468, 450, 21, 461, 237, 451, 448, 369, 118, 454, 157, 253]
[230, 228, 333, 227, 173, 336, 116, 23, 106, 346, 24, 25, 26, 83, 27, 397, 28, 29, 70, 30, 31, 32, 474, 33, 34, 35, 36, 37, 494, 67, 38, 135, 270, 68, 340, 495, 157, 499, 226, 544, 375, 366, 468, 303, 184, 169, 505, 152, 525, 104, 81, 47, 46, 45, 44, 43, 42, 506, 41, 14, 3, 2, 520]
[528, 194, 534, 191, 535, 193, 192, 95, 527, 526, 552, 542, 313, 231, 541, 318, 529, 198, 96, 272, 540, 312, 530, 115, 273, 519, 539, 334, 97, 241, 277, 531, 538, 132, 331, 446, 196, 521, 554, 532, 537, 178, 533, 536, 195, 553, 190]
[537, 539, 531, 398, 387, 526, 530, 528, 541, 542, 285, 535, 538, 399, 532, 536, 529, 534, 533, 52, 527, 540, 241]
[425, 481, 333, 463, 138, 478, 467, 408, 70, 311, 173, 505, 520, 230, 227, 91, 228, 467, 499, 106, 116, 495, 336, 494, 179, 474, 397, 506, 378, 479, 480, 83, 316, 346]
[252, 31, 147, 148, 21, 270, 135, 118, 128, 149, 38, 119, 37, 504, 466, 82, 461, 150, 137, 36, 454, 54, 522, 453, 489, 23, 452, 35, 24, 204, 487, 237, 340, 451, 25, 486, 34, 450, 26, 205, 485, 253, 33, 449, 27, 338, 28, 448, 310, 224, 348, 32, 29, 447, 274, 30, 369]
[67, 116, 506, 226, 494, 68, 346, 397, 106, 83, 525, 520, 336, 70, 495, 173, 505, 474, 157, 228, 468, 333, 499, 230, 227]
[38, 204, 27, 338, 31, 205, 274, 25, 26, 128, 30, 147, 270, 486, 36, 252, 485, 34, 54, 37, 82, 150, 489, 522, 23, 340, 310, 148, 28, 487, 224, 35, 24, 135, 29, 149, 32, 33]
[253, 237, 453, 448, 452, 460, 119, 451, 369, 450, 118, 348, 22, 449, 447, 466, 461, 137, 21, 454, 504]
[377, 284, 153, 180, 381, 344, 423, 144, 17, 335, 315, 404, 519, 250, 188, 410, 72, 166, 167, 239]
[496, 491, 491, 496]
[130, 229, 88, 165, 404, 79, 548]
[492, 86, 189, 407, 18, 103, 271, 276, 218, 183, 372, 245, 395, 85, 383, 203, 283, 78, 319, 426, 129, 56, 168, 182, 551, 209, 255, 1, 323, 477, 347, 421, 142, 120, 143, 217, 365, 363, 84, 420, 197, 510, 376, 371, 455]
[491, 496]
[266, 550, 22, 460, 50, 206, 264, 267, 268, 269, 326, 379, 405, 406, 411, 443, 470, 484, 545]
[8, 12, 221, 321, 4, 219, 322, 5, 210, 9, 10, 518, 6, 207, 11, 105, 7, 13]
[73, 507, 134, 396, 462, 235, 133, 249, 412, 424, 163, 139, 69, 265, 516, 140, 415, 151, 141]
[187, 309, 234, 202, 388, 74, 201, 439, 107, 490, 200, 145, 51]
[460, 225, 475, 68, 67, 226, 468, 22, 157, 525]
[151, 235, 158, 65, 65, 63, 412, 265, 63, 462, 62, 424, 415, 343, 317, 444, 507, 158, 162, 516, 159, 66, 59, 64, 141, 140, 60, 60, 396, 343, 159, 64, 61, 249, 73, 163, 160, 61, 59, 160, 445, 133, 40, 66, 161, 58, 162, 161, 139, 317, 134, 445, 444, 69, 58, 40, 62]
[444, 343, 527, 162, 534, 445, 378, 448, 541, 91, 66, 63, 461, 453, 528, 532, 64, 317, 348, 447, 408, 40, 454, 237, 119, 536, 118, 137, 504, 161, 449, 540, 526, 533, 369, 460, 62, 530, 467, 529, 241, 531, 58, 385, 452, 21, 542, 537, 158, 316, 450, 539, 22, 451, 61, 60, 159, 160, 253, 65, 59, 425, 466, 538, 535]
[157, 525, 68, 226, 468, 67]
[451, 447, 369, 448, 428, 21, 437, 430, 449, 119, 427, 348, 450, 436, 431, 368, 253, 475, 452, 374, 225, 435, 213, 432, 20, 137, 453, 504, 126, 118, 136, 237, 212, 454, 433, 466, 429, 186, 434, 461, 211]
[115, 446, 277, 273, 273, 72, 423, 198, 446, 231, 115, 231, 198, 96, 277, 96, 272, 272]
[54, 145, 522, 224, 487, 252, 310, 485, 149, 205, 147, 204, 148, 82, 150, 274, 128, 338, 486, 489, 51]
[68, 115, 198, 277, 468, 446, 273, 226, 525, 67, 96, 157, 231, 272]
[239, 72, 423, 328, 185, 410, 327, 214]
[36, 32, 35, 135, 26, 27, 25, 24, 33, 340, 34, 37, 38, 270, 28, 23, 31, 30, 29]
[318, 377, 519, 17, 95]
[26, 24, 37, 33, 36, 270, 23, 27, 35, 38, 32, 28, 30, 29, 31, 135, 340, 25, 34]
[148, 128, 274, 82, 489, 522, 252, 147, 310, 486, 485, 204, 487, 205, 149, 338, 54, 150, 224]
[67, 525, 460, 468, 266, 443, 550, 50, 267, 264, 545, 405, 484, 268, 326, 22, 157, 379, 68, 206, 406, 411, 226, 269, 470]
[69, 525, 468, 424, 226, 73, 133, 134, 139, 140, 141, 151, 67, 157, 163, 415, 235, 516, 249, 507, 265, 396, 462, 412, 68]
[282, 108, 300, 488, 332, 242, 76, 378, 251, 457, 364, 467, 349, 202, 187, 476, 467, 208, 244, 490, 107, 22, 388, 201, 460, 547, 225, 439, 386, 367, 238, 299, 475, 234, 222, 74, 309, 200]
[115, 446, 273, 198, 277, 231, 96, 272]
[453, 58, 161, 343, 444, 369, 479, 478, 481, 64, 448, 66, 480, 63, 461, 463, 454, 466, 449, 317, 119, 311, 348, 447, 62, 237, 158, 450, 65, 445, 61, 179, 21, 159, 451, 60, 162, 253, 138, 40, 137, 504, 160, 118, 59, 452]
[299, 328, 222, 327, 300, 233, 547, 214, 238, 185, 233]
[333, 70, 455, 227, 336, 83, 506, 173, 346, 499, 495, 106, 505, 363, 230, 228, 383, 494, 397, 116, 474, 365, 520]
[388, 202, 200, 309, 201, 439, 187, 234, 74, 107, 490]
[362, 418, 246, 524, 146, 98, 49, 419, 361, 360, 359, 358, 357, 356, 355, 354, 353, 352, 351, 350, 199, 459, 384, 314, 174, 275]
[496, 491]
[56, 95, 420, 323, 421, 318, 510, 371, 372, 245, 319, 271, 407]
[397, 506, 333, 316, 116, 474, 91, 227, 425, 228, 70, 336, 408, 505, 83, 494, 106, 230, 520, 499, 495, 346, 173, 80]
[24, 38, 26, 37, 29, 23, 25, 33, 34, 31, 30, 270, 32, 36, 340, 28, 135, 35, 27]
[49, 275, 246, 524, 98, 418, 146]
[183, 84, 209, 203, 283, 1, 182, 376, 18, 142, 218, 78, 217, 395, 120, 85, 86, 477, 143]
[63, 158, 58, 59, 270, 24, 340, 35, 23, 162, 25, 38, 60, 66, 30, 444, 65, 160, 32, 343, 64, 61, 29, 40, 26, 31, 37, 135, 159, 34, 317, 62, 27, 36, 28, 445, 161, 33]
[66, 40, 204, 274, 489, 254, 63, 150, 486, 162, 338, 128, 58, 444, 487, 343, 205, 445, 310, 158, 160, 64, 61, 224, 59, 317, 82, 485, 149, 161, 148, 522, 252, 54, 159, 60, 147, 65, 62]
[468, 505, 336, 506, 494, 397, 106, 67, 525, 520, 68, 227, 228, 226, 474, 83, 230, 116, 495, 346, 173, 157, 499, 333, 70]
[261, 260, 262, 259, 263, 258, 257, 16, 390, 391, 392, 393, 394, 471]
[136, 429, 158, 436, 429, 430, 63, 434, 317, 436, 136, 432, 212, 211, 62, 65, 300, 430, 445, 159, 299, 433, 61, 368, 212, 126, 40, 433, 368, 213, 434, 431, 428, 64, 66, 343, 126, 437, 60, 431, 186, 428, 162, 437, 222, 161, 160, 432, 211, 547, 186, 238, 58, 59, 435, 213, 20, 444, 20, 435, 427, 427]
[67, 68, 525, 157, 468, 226]
[255, 276, 318, 168, 197, 189, 551, 347, 95, 129, 492, 103, 426]
[235, 265, 299, 300, 507, 547, 151, 69, 141, 412, 139, 133, 249, 462, 396, 134, 73, 163, 145, 415, 238, 51, 516, 424, 222, 140]
[306, 254, 307, 308, 491, 496]
[246, 524, 418, 98, 275, 49, 146]
[475, 225, 460, 22]
[439, 74, 107, 187, 200, 201, 202, 234, 309, 388, 490, 225, 475, 22, 460, 138, 179, 311, 463, 478, 479, 480, 481]
[139, 462, 161, 40, 140, 151, 317, 162, 235, 507, 396, 516, 59, 61, 62, 73, 424, 249, 63, 64, 58, 133, 65, 415, 444, 163, 69, 141, 66, 445, 134, 158, 60, 159, 265, 343, 160, 412]
[68, 525, 468, 157, 67, 226]
[328, 335, 166, 167, 180, 144, 188, 250, 327, 284, 214, 344, 185, 381, 404, 153, 315]
[406, 461, 484, 267, 449, 266, 237, 450, 253, 451, 118, 453, 21, 452, 466, 348, 379, 50, 443, 369, 470, 545, 504, 460, 206, 447, 137, 269, 22, 326, 448, 550, 264, 119, 268, 454, 411, 405]
[46, 42, 544, 2, 375, 366, 303, 3, 184, 169, 152, 14, 104, 81, 47, 43, 44, 41, 45]
[199, 354, 362, 419, 351, 352, 350, 360, 353, 357, 355, 361, 356, 359, 358]
[231, 272, 198, 115, 277, 273, 446, 96]
[209, 182, 203, 143, 142, 217, 120, 218, 86, 85, 283, 84, 78, 376, 374, 18, 395, 1, 477, 183]
[160, 66, 159, 60, 444, 162, 158, 343, 63, 65, 61, 445, 62, 64, 40, 161, 58, 59, 317]
[550, 343, 317, 158, 158, 50, 40, 269, 58, 443, 159, 460, 405, 161, 62, 161, 62, 379, 162, 268, 406, 267, 61, 445, 445, 58, 64, 60, 64, 545, 60, 266, 444, 470, 59, 444, 162, 326, 65, 65, 264, 160, 160, 411, 317, 374, 66, 61, 343, 66, 159, 206, 484, 22, 40, 59, 63, 63]
[134, 133, 139, 151, 516, 141, 73, 163, 424, 415, 507, 69, 265, 249, 412, 140, 396, 462, 235]
[426, 168, 316, 103, 492, 347, 255, 129, 425, 276, 189, 551, 408, 91, 197, 80]
[143, 120, 203, 84, 85, 376, 225, 183, 78, 395, 475, 18, 182, 217, 477, 86, 1, 283, 142, 218, 22, 209, 460]
[67, 22, 206, 550, 470, 545, 411, 443, 379, 484, 269, 264, 266, 525, 406, 68, 468, 460, 267, 268, 326, 226, 405, 50, 157]
[447, 453, 504, 454, 446, 277, 273, 272, 231, 198, 21, 118, 119, 137, 115, 237, 253, 348, 369, 96, 448, 449, 450, 451, 466, 452, 461]
[405, 206, 379, 406, 266, 269, 22, 267, 545, 470, 50, 460, 484, 326, 264, 268, 550, 443, 411]
[429, 126, 436, 211, 434, 428, 212, 437, 368, 430, 431, 136, 432, 427, 433, 213, 20, 186, 435]
[238, 547, 404, 300, 299, 222]
[432, 430, 437, 134, 396, 412, 516, 429, 428, 133, 265, 20, 427, 140, 368, 462, 415, 374, 213, 212, 374, 211, 249, 163, 507, 141, 186, 151, 73, 136, 69, 126, 424, 434, 433, 235, 435, 139, 436, 431]
[195, 282, 467, 467, 460, 22, 378, 56, 245, 271, 319, 323, 225, 554, 371, 475, 372, 407, 553, 420, 421, 510, 552, 521, 334, 385, 331, 97, 313, 132, 178, 190, 312, 191, 192, 193, 196, 194]
[300, 547, 222, 299, 238]
[68, 157, 525, 468, 226, 67]
[525, 67, 226, 68, 468, 157]
[208, 132, 97, 331, 194, 334, 457, 386, 367, 364, 349, 488, 552, 251, 554, 553, 192, 244, 76, 191, 476, 312, 190, 195, 108, 521, 178, 196, 313, 193]
[336, 173, 520, 499, 397, 106, 474, 495, 346, 333, 83, 494, 116, 227, 506, 228, 70, 230, 505]
[468, 226, 525, 67, 68, 157]
[86, 437, 436, 435, 434, 433, 432, 431, 182, 430, 429, 428, 427, 368, 213, 212, 477, 211, 186, 1, 136, 126, 18, 395, 20, 78, 374, 376, 84, 203, 85, 283, 120, 218, 183, 142, 209, 217, 143]
[163, 265, 415, 507, 73, 139, 424, 374, 69, 462, 396, 141, 249, 134, 151, 235, 412, 516, 133, 140]
[516, 163, 374, 368, 427, 141, 151, 507, 462, 428, 435, 429, 436, 424, 69, 415, 73, 412, 133, 396, 134, 430, 475, 437, 265, 139, 431, 249, 432, 140, 235, 212, 211, 186, 433, 136, 126, 213, 434, 225, 20]
[299, 547, 238, 222, 300]
[491, 496]
[5, 11, 221, 9, 219, 210, 10, 8, 6, 7, 13, 207, 105, 12, 4, 518, 322, 321]
[490, 201, 234, 202, 439, 74, 187, 107, 388, 200, 309]
[374, 151, 163, 437, 436, 435, 434, 433, 432, 431, 430, 429, 428, 427, 4, 368, 5, 6, 213, 7, 212, 211, 8, 186, 9, 10, 136, 11, 126, 20, 12, 13, 105, 207, 210, 516, 219, 221, 321, 507, 322, 518, 462, 69, 424, 73, 415, 133, 412, 134, 396, 139, 265, 140, 249, 141, 235]
[347, 168, 272, 255, 446, 103, 129, 198, 189, 115, 277, 551, 231, 276, 426, 197, 96, 492, 273]
[148, 252, 54, 82, 147, 547, 486, 214, 489, 128, 485, 487, 149, 522, 299, 338, 150, 222, 327, 185, 204, 310, 238, 205, 274, 224, 300, 328]
[59, 299, 66, 444, 343, 547, 159, 58, 445, 238, 64, 158, 62, 222, 160, 317, 161, 162, 61, 300, 60, 40, 65, 63]
[209, 182, 120, 283, 78, 86, 376, 183, 218, 84, 477, 143, 374, 1, 85, 395, 203, 142, 18, 217]
[88, 360, 352, 459, 174, 79, 246, 358, 356, 130, 355, 384, 275, 165, 524, 314, 419, 361, 353, 357, 229, 354, 362, 98, 350, 351, 418, 49, 199, 146, 548, 359]
[527, 529, 540, 539, 526, 542, 538, 378, 537, 536, 385, 535, 425, 534, 408, 241, 316, 533, 467, 91, 532, 528, 541, 531, 530]
[160, 40, 59, 162, 158, 62, 66, 63, 317, 61, 58, 444, 161, 343, 65, 60, 445, 159, 64]
[436, 348, 268, 448, 264, 211, 211, 447, 430, 433, 430, 379, 437, 454, 269, 405, 451, 550, 118, 21, 253, 428, 267, 453, 466, 119, 369, 427, 435, 20, 206, 20, 429, 326, 449, 213, 126, 126, 429, 452, 435, 460, 411, 213, 431, 266, 136, 434, 470, 136, 137, 434, 504, 22, 237, 50, 437, 186, 186, 212, 443, 433, 212, 428, 431, 436, 461, 450, 368, 368, 545, 484, 406, 427, 432, 432]
[64, 161, 61, 40, 162, 254, 65, 444, 63, 343, 59, 160, 58, 445, 491, 158, 159, 66, 496, 62, 60, 317]
[451, 461, 253, 466, 119, 237, 369, 454, 137, 453, 449, 452, 447, 21, 448, 450, 504, 118, 348]
[275, 404, 315, 410, 49, 98, 146, 246, 418, 524, 423, 72, 239]
[446, 273, 96, 231, 277, 198, 115, 272]
[140, 139, 265, 396, 249, 151, 134, 235, 133, 412, 141, 73, 415, 462, 516, 424, 69, 507, 163]
[328, 318, 72, 239, 519, 95, 214, 185, 327, 404, 377, 423, 17, 410]
[155, 544, 42, 47, 509, 184, 46, 2, 169, 508, 43, 41, 44, 330, 3, 303, 366, 152, 375, 329, 104, 45, 243, 14, 81]
[205, 34, 486, 485, 489, 487, 338, 310, 274, 252, 224, 204, 150, 20, 149, 126, 136, 148, 186, 211, 147, 212, 213, 368, 128, 427, 428, 82, 429, 430, 54, 431, 432, 433, 23, 434, 24, 435, 25, 436, 340, 26, 437, 270, 27, 135, 28, 29, 38, 30, 37, 31, 36, 32, 522, 35, 33]
[193, 194, 552, 553, 554, 460, 312, 467, 132, 334, 378, 190, 196, 313, 282, 192, 97, 521, 225, 385, 178, 475, 467, 191, 331, 22, 195]
[270, 38, 29, 29, 38, 32, 24, 24, 32, 340, 340, 25, 25, 34, 36, 36, 35, 26, 31, 270, 23, 31, 26, 35, 33, 27, 27, 37, 135, 37, 30, 135, 34, 30, 33, 23, 28, 28]
[157, 68, 468, 226, 67, 525]
[165, 88, 130, 548, 79, 145, 229, 51]
[468, 525, 226, 67, 68, 157]
[238, 547, 340, 525, 299, 32, 36, 26, 135, 23, 222, 33, 468, 300, 67, 28, 37, 31, 27, 24, 270, 38, 68, 25, 30, 35, 34, 226, 29, 157]
[119, 447, 504, 466, 467, 461, 253, 369, 454, 282, 21, 453, 348, 378, 22, 452, 118, 451, 450, 332, 137, 449, 237, 242, 448, 467, 460]
[266, 411, 133, 405, 69, 249, 415, 507, 379, 22, 443, 516, 326, 550, 151, 134, 163, 412, 139, 470, 396, 269, 264, 545, 484, 235, 141, 268, 140, 267, 50, 206, 265, 460, 406, 73, 424, 462]
[343, 32, 30, 135, 59, 34, 40, 162, 60, 58, 24, 64, 36, 28, 161, 317, 61, 340, 38, 270, 158, 31, 27, 33, 62, 37, 160, 35, 444, 159, 29, 65, 63, 66, 26, 23, 445, 25]
[83, 106, 116, 173, 227, 228, 230, 333, 336, 346, 397, 474, 494, 495, 499, 505, 506, 520, 138, 179, 311, 463, 478, 479, 480, 481, 70]
[252, 26, 31, 340, 487, 150, 36, 27, 489, 270, 28, 224, 30, 204, 38, 29, 135, 522, 128, 338, 82, 310, 33, 147, 54, 148, 32, 205, 23, 34, 35, 274, 24, 149, 486, 37, 485, 25]
[243, 408, 155, 329, 467, 509, 425, 91, 475, 22, 378, 316, 385, 508, 460, 225, 330]
[205, 252, 522, 486, 204, 489, 487, 150, 224, 274, 485, 149, 54, 148, 310, 147, 82, 338, 128]
[147, 150, 489, 205, 487, 82, 522, 338, 148, 485, 149, 128, 310, 252, 54, 486, 224, 274, 204]
[5, 322, 105, 9, 518, 273, 219, 221, 13, 10, 277, 11, 231, 12, 446, 198, 210, 233, 115, 207, 4, 7, 272, 233, 8, 96, 6, 321]
[272, 452, 21, 119, 369, 453, 454, 449, 461, 447, 466, 446, 504, 348, 253, 277, 137, 448, 273, 96, 231, 198, 115, 237, 118, 451, 450]
[374]
[239, 88, 548, 72, 410, 79, 404, 130, 165, 229, 423]
[153]
[443, 264, 550, 268, 267, 50, 460, 470, 406, 22, 379, 269, 411, 326, 405, 545, 484, 266, 206]
[142, 78, 143, 477, 283, 183, 376, 217, 120, 203, 209, 218, 1, 86, 18, 84, 395, 85, 182]
[62, 444, 60, 317, 160, 58, 445, 64, 161, 343, 158, 65, 374, 61, 66, 374, 40, 63, 159, 59, 162]
[205, 147, 149, 338, 148, 486, 54, 128, 252, 487, 489, 150, 204, 485, 274, 522, 82, 224, 310]
[405, 267, 326, 269, 470, 460, 268, 550, 406, 266, 379, 545, 443, 264, 484, 50, 374, 206, 411, 22]
[226, 173, 525, 474, 397, 468, 494, 346, 83, 495, 106, 336, 499, 157, 333, 505, 68, 230, 70, 506, 67, 228, 116, 520, 227]
[309, 388, 490, 107, 187, 439, 200, 201, 202, 22, 234, 460, 74]
[344, 516, 144, 516, 249, 412, 163, 249, 73, 141, 507, 73, 412, 396, 462, 462, 239, 507, 396, 423, 134, 284, 415, 134, 167, 140, 415, 133, 163, 381, 151, 141, 250, 151, 188, 335, 166, 69, 235, 265, 404, 265, 69, 139, 140, 410, 133, 139, 235, 153, 424, 315, 424, 180, 72]
[348, 452, 161, 340, 449, 31, 23, 453, 26, 30, 40, 343, 66, 61, 447, 25, 160, 119, 21, 27, 32, 448, 461, 60, 58, 454, 451, 38, 444, 159, 135, 37, 317, 450, 29, 466, 137, 237, 24, 33, 59, 65, 36, 64, 63, 253, 34, 35, 504, 369, 62, 118, 158, 445, 162, 28, 270]
[410, 381, 239, 404, 167, 344, 423, 284, 153, 166, 250, 188, 180, 72, 144, 315, 335]
[141, 507, 396, 140, 73, 424, 69, 134, 516, 415, 151, 163, 265, 139, 235, 462, 249, 133, 412]
[200, 22, 74, 107, 187, 201, 202, 234, 309, 460, 388, 439, 490]
[52, 387, 398, 399]
[228, 494, 397, 346, 495, 336, 499, 333, 505, 230, 506, 520, 227, 173, 116, 70, 83, 106, 474]
[327, 185, 214, 328]
[238, 547, 214, 222, 327, 300, 72, 410, 423, 299, 328, 233, 185, 239]
[410, 239, 72, 410, 423, 239]
[205, 299, 238, 487, 204, 274, 489, 150, 224, 149, 300, 252, 128, 310, 485, 82, 148, 486, 338, 547, 147, 54, 222, 522]
[446, 231, 115, 446, 272, 96, 273, 273, 96, 198, 198, 231, 277, 277, 115, 272]
[377, 519, 318, 72, 423, 95, 17]
[12, 221, 219, 210, 518, 207, 105, 13, 11, 10, 9, 8, 7, 6, 5, 4, 491, 496, 185, 214, 327, 547, 328, 300, 222, 299, 238, 322, 321]
[534, 285, 541, 527, 241, 539, 537, 533, 538, 542, 531, 529, 528, 535, 530, 526, 540, 536, 532]
[212, 368, 431, 213, 432, 433, 211, 434, 186, 435, 436, 437, 136, 126, 20, 428, 429, 427, 430]
[255, 376, 129, 477, 189, 168, 182, 276, 18, 142, 183, 347, 283, 84, 143, 197, 395, 209, 86, 426, 1, 217, 78, 551, 492, 218, 85, 203, 120, 103]
[31, 67, 36, 226, 25, 340, 23, 157, 270, 35, 525, 29, 34, 68, 26, 37, 135, 33, 27, 28, 468, 24, 38, 30, 32]
[521, 460, 22, 504, 466, 461, 454, 453, 452, 451, 450, 449, 448, 447, 369, 348, 253, 237, 137, 119, 118, 21, 467, 378, 91, 316, 408, 425, 385, 97, 132, 178, 190, 191, 192, 193, 194, 195, 196, 312, 313, 331, 334, 552, 553, 554]
[519, 318, 95]
[31, 67, 34, 25, 26, 27, 32, 33, 340, 157, 28, 270, 525, 35, 68, 29, 135, 38, 468, 23, 30, 226, 37, 36, 24]
[47, 46, 83, 45, 474, 173, 106, 116, 346, 494, 397, 227, 2, 495, 336, 3, 499, 14, 333, 41, 544, 70, 375, 505, 42, 366, 303, 184, 506, 43, 230, 169, 152, 104, 228, 520, 44, 81]
[270, 62, 24, 34, 317, 65, 60, 66, 29, 340, 61, 35, 33, 64, 28, 162, 161, 31, 36, 63, 37, 30, 27, 158, 59, 58, 32, 26, 343, 135, 444, 40, 25, 159, 38, 445, 160, 23]
[306, 308, 307, 547, 238, 222, 299, 491, 496, 300]
[462, 134, 516, 235, 249, 141, 139, 151, 73, 396, 69, 265, 133, 140, 374, 412, 507, 163, 415, 424]
[451, 21, 142, 450, 237, 447, 253, 18, 395, 452, 84, 376, 453, 369, 182, 454, 203, 283, 461, 466, 218, 504, 217, 143, 78, 209, 183, 85, 448, 137, 1, 348, 449, 119, 86, 120, 118, 477]
[277, 96, 115, 273, 272, 231, 198, 446]
[239, 410, 72, 423]
[527, 420, 538, 535, 542, 528, 319, 407, 271, 534, 531, 541, 530, 245, 532, 540, 56, 526, 421, 371, 539, 241, 529, 323, 533, 537, 510, 536, 372]
[198, 272, 446, 446, 115, 231, 115, 198, 277, 96, 273, 277, 231, 96, 272, 273]
[467, 552, 97, 282, 178, 190, 467, 191, 192, 193, 194, 195, 196, 312, 313, 331, 378, 334, 385, 554, 521, 553, 132]
[462, 157, 235, 69, 163, 141, 396, 226, 68, 233, 73, 468, 507, 249, 412, 525, 139, 151, 67, 424, 140, 133, 415, 265, 134, 516, 233]
[246, 98, 524, 275, 146, 49, 418]
[410, 98, 318, 146, 246, 17, 72, 377, 404, 275, 423, 418, 519, 524, 239, 49, 315, 95]
[213, 427, 69, 186, 434, 424, 136, 134, 433, 163, 374, 211, 141, 265, 415, 428, 139, 436, 516, 374, 212, 396, 435, 151, 431, 20, 73, 462, 368, 437, 507, 249, 126, 412, 429, 432, 133, 430, 235, 140]
[350, 357, 419, 355, 351, 352, 359, 199, 353, 354, 356, 514, 361, 360, 362, 216, 358]
[119, 504, 461, 447, 466, 348, 253, 448, 237, 449, 137, 450, 118, 21, 451, 452, 369, 453, 454]
[315, 79, 381, 167, 130, 166, 88, 229, 165, 344, 250, 188, 284, 144, 180, 335, 153, 548]
[5, 8, 207, 322, 210, 6, 9, 518, 10, 11, 4, 321, 12, 214, 13, 219, 105, 221, 214, 328, 328, 185, 327, 185, 327, 7]
[488, 457, 349, 386, 76, 251, 108, 367, 476, 244, 364, 208]
[273, 231, 277, 96, 198, 198, 273, 446, 446, 272, 272, 277, 115, 96, 115, 231]
[515]
[217, 84, 203, 1, 182, 86, 143, 395, 18, 85, 209, 477, 183, 142, 376, 78, 283, 120, 218]
[210, 207, 410, 105, 410, 221, 13, 12, 11, 321, 239, 10, 239, 9, 8, 322, 7, 6, 5, 518, 4, 72, 423, 219]
[374]
[374]
[116, 68, 336, 499, 228, 468, 520, 70, 505, 494, 227, 525, 106, 506, 397, 333, 474, 495, 173, 83, 346, 230, 67, 157, 226]
[6, 210, 198, 273, 207, 219, 198, 221, 105, 273, 321, 13, 233, 231, 231, 12, 11, 115, 115, 272, 10, 322, 272, 4, 9, 277, 446, 5, 277, 8, 446, 7, 518, 233, 96, 96]
[494, 520, 346, 70, 230, 22, 397, 106, 228, 460, 227, 505, 83, 225, 474, 506, 499, 475, 336, 173, 333, 495, 116]
[88, 548, 548, 229, 229, 165, 165, 130, 130, 88, 79, 79]
[234, 107, 309, 439, 388, 490, 74, 187, 202, 200, 201]
[115, 273, 96, 446, 272, 277, 198, 231]
[547, 310, 149, 274, 82, 128, 485, 338, 204, 148, 205, 238, 487, 224, 147, 300, 299, 252, 150, 222, 489, 54, 486, 522]
[500, 502, 238, 547, 121, 304, 501, 300, 503, 414, 222, 299]
[224, 205, 310, 147, 487, 238, 300, 150, 486, 522, 222, 149, 252, 547, 485, 128, 54, 148, 274, 338, 82, 204, 489, 299]
[463, 479, 179, 480, 481, 138, 311, 478]
[67, 525, 468, 157, 68, 226]
[60, 61, 374, 491, 496, 340, 270, 135, 38, 37, 36, 35, 34, 33, 32, 31, 30, 29, 28, 27, 26, 25, 24, 23, 445, 444, 343, 317, 162, 161, 160, 159, 158, 66, 65, 40, 64, 58, 63, 59, 62]
[222, 300, 547, 238, 299]
[506, 505, 234, 478, 474, 74, 479, 336, 311, 187, 116, 228, 83, 22, 397, 460, 475, 200, 494, 106, 179, 70, 388, 490, 107, 201, 138, 481, 463, 480, 333, 346, 202, 520, 439, 227, 173, 309, 499, 230, 495, 225]
[460, 157, 22, 475, 525, 468, 225, 68, 226, 67]
[238, 307, 308, 300, 299, 306, 496, 222, 547, 491]
[425, 408, 80, 91, 316]
[121, 503, 414, 502, 304, 501, 500]
[22, 225, 460, 475]
[460, 35, 31, 448, 253, 36, 447, 34, 32, 137, 348, 449, 33, 369, 30, 63, 37, 119, 58, 64, 118, 40, 450, 38, 29, 21, 65, 484, 66, 135, 451, 270, 470, 443, 28, 158, 452, 159, 340, 411, 406, 453, 60, 160, 27, 405, 379, 62, 161, 26, 454, 326, 550, 269, 545, 461, 22, 162, 268, 25, 267, 266, 466, 317, 264, 343, 24, 206, 237, 504, 444, 23, 50, 61, 59, 445]
[10, 11, 12, 13, 321, 105, 207, 322, 4, 210, 518, 219, 221, 6, 7, 8, 9, 5]
[462, 61, 445, 63, 444, 343, 317, 516, 162, 507, 141, 161, 69, 424, 160, 60, 73, 159, 415, 133, 158, 412, 134, 66, 396, 40, 235, 163, 139, 151, 65, 265, 58, 62, 140, 249, 64, 59]
[443, 269, 266, 460, 379, 545, 374, 470, 264, 268, 206, 50, 267, 22, 405, 550, 326, 484, 411, 406]
[376, 1, 424, 462, 86, 249, 142, 73, 183, 18, 265, 151, 140, 396, 85, 163, 141, 84, 120, 139, 218, 182, 217, 412, 134, 477, 395, 203, 516, 235, 415, 133, 283, 209, 507, 143, 78, 69]
[299, 238, 516, 274, 489, 252, 205, 128, 73, 133, 222, 147, 310, 69, 415, 412, 224, 522, 149, 265, 300, 338, 139, 487, 82, 424, 507, 151, 54, 141, 235, 547, 163, 140, 150, 462, 486, 485, 148, 134, 249, 396, 204]
[260, 217, 197, 183, 189, 182, 218, 84, 1, 168, 143, 263, 85, 347, 18, 283, 477, 129, 262, 257, 142, 103, 376, 426, 276, 471, 16, 394, 395, 120, 259, 393, 258, 392, 86, 261, 551, 391, 390, 78, 209, 255, 203, 492]
[115, 446, 277, 273, 231, 198, 272, 96]
[481, 463, 478, 138, 480, 179, 311, 479]
[118, 348, 461, 453, 137, 448, 454, 119, 21, 450, 449, 451, 447, 253, 466, 369, 237, 452, 504]
[475, 225]
[195, 97, 196, 312, 521, 425, 136, 331, 385, 193, 436, 433, 313, 316, 552, 368, 437, 191, 434, 435, 378, 429, 91, 132, 192, 432, 427, 186, 194, 408, 430, 190, 431, 212, 460, 213, 428, 554, 334, 374, 211, 126, 467, 178, 20, 553, 22]
[185, 214, 328, 327]
[187, 439, 107, 388, 200, 201, 202, 309, 490, 234, 74]
[520, 173, 333, 227, 83, 494, 70, 506, 474, 230, 397, 346, 499, 106, 228, 495, 336, 116, 505]
[414, 130, 88, 502, 304, 79, 121, 548, 165, 410, 501, 500, 229, 239, 72, 423, 404, 503]
[22, 460]
[151, 249, 141, 265, 140, 396, 139, 412, 134, 133, 415, 424, 73, 462, 69, 507, 516, 374, 1, 18, 78, 84, 85, 86, 120, 142, 143, 182, 183, 203, 209, 217, 218, 283, 376, 395, 477, 163, 235]
[159, 444, 60, 64, 61, 58, 162, 63, 161, 160, 445, 40, 62, 59, 66, 158, 317, 65, 343]
[434, 142, 436, 477, 395, 84, 376, 374, 126, 430, 283, 136, 85, 218, 431, 186, 1, 432, 217, 211, 18, 209, 86, 212, 78, 203, 433, 96, 446, 115, 183, 120, 213, 428, 198, 182, 429, 437, 277, 231, 368, 143, 435, 273, 20, 427, 272]
[309, 202, 490, 107, 201, 74, 439, 225, 187, 234, 388, 200, 475]
[67, 468, 157, 525, 226, 68]
[387, 52, 398, 399]
[429, 431, 213, 434, 437, 436, 186, 432, 430, 435, 428, 211, 427, 368, 212, 126, 136, 433, 20]
[426, 276, 189, 347, 197, 255, 168, 103, 492, 551, 129]
[27, 31, 450, 30, 449, 340, 270, 21, 135, 118, 38, 119, 37, 137, 36, 23, 237, 24, 504, 253, 35, 25, 466, 348, 461, 34, 26, 369, 454, 33, 453, 447, 28, 32, 452, 448, 451, 29]
[395, 477, 115, 283, 550, 406, 460, 231, 143, 203, 157, 273, 272, 273, 326, 182, 218, 96, 96, 525, 50, 277, 209, 405, 443, 1, 264, 379, 217, 484, 84, 226, 86, 68, 411, 267, 376, 18, 78, 67, 198, 470, 277, 198, 269, 85, 545, 272, 183, 231, 268, 120, 446, 22, 446, 468, 206, 115, 266, 142]
[332, 129, 492, 551, 242, 455, 197, 347, 426, 189, 276, 168, 383, 255, 363, 103, 365]
[385, 238, 408, 191, 521, 194, 74, 460, 299, 195, 425, 552, 388, 107, 187, 190, 300, 196, 22, 200, 475, 132, 225, 547, 554, 312, 201, 234, 178, 202, 467, 313, 553, 378, 97, 334, 490, 331, 309, 192, 316, 439, 222, 193, 91]
[80, 316, 425, 408, 91]
[152, 184, 14, 544, 2, 81, 3, 42, 169, 91, 46, 425, 366, 104, 375, 41, 408, 47, 316, 45, 303, 80, 44, 43]
[206, 68, 550, 443, 277, 406, 411, 231, 272, 468, 460, 226, 326, 470, 50, 264, 405, 198, 446, 545, 379, 96, 269, 22, 525, 268, 273, 115, 267, 67, 484, 266, 157]
[255, 198, 383, 277, 231, 426, 103, 363, 129, 115, 276, 189, 272, 492, 446, 455, 347, 197, 365, 96, 168, 551, 273]
[144, 167, 180, 188, 250, 335, 284, 344, 153, 423, 381, 72, 410, 239, 315, 166, 404]
[348, 454, 466, 119, 22, 461, 369, 21, 137, 449, 448, 452, 118, 237, 450, 451, 447, 453, 253, 504, 460]
[159, 63, 65, 61, 158, 64, 445, 59, 374, 40, 161, 60, 66, 62, 343, 58, 444, 160, 162, 317]
[222, 299, 238, 547, 300]
[27, 270, 32, 31, 29, 33, 28, 34, 496, 35, 26, 30, 25, 36, 491, 24, 23, 37, 38, 340, 135]
[229, 355, 146, 362, 98, 130, 356, 384, 353, 354, 524, 459, 246, 419, 360, 361, 79, 88, 199, 314, 350, 359, 49, 352, 358, 548, 174, 351, 165, 275, 357, 418]
[226, 67, 157, 525, 68, 468]
[507, 141, 134, 235, 396, 140, 163, 69, 415, 265, 424, 73, 249, 462, 133, 516, 139, 412, 151]
[95, 318]
[386, 108, 476, 251, 364, 208, 367, 76, 349, 457, 244, 488]
[509, 329, 155, 330, 243, 508]
[334, 378, 331, 521, 374, 374, 313, 385, 552, 312, 97, 553, 282, 196, 195, 554, 194, 193, 192, 191, 190, 22, 178, 467, 132, 467, 460]
[22, 460, 467]
[406, 267, 405, 50, 268, 206, 411, 266, 460, 460, 22, 550, 545, 22, 484, 475, 443, 379, 225, 470, 269, 264, 326]
[547, 300, 238, 222, 299]
[550, 264, 183, 157, 326, 545, 218, 78, 22, 84, 283, 67, 217, 269, 68, 379, 86, 209, 266, 484, 1, 376, 443, 267, 50, 226, 477, 142, 525, 405, 206, 460, 395, 85, 268, 203, 182, 18, 468, 143, 406, 411, 470, 120]
[35, 23, 24, 25, 26, 27, 28, 29, 30, 31, 32, 33, 34, 36, 37, 38, 135, 270, 340]
[47, 303, 81, 104, 152, 544, 2, 169, 184, 3, 14, 41, 375, 42, 366, 43, 44, 45, 46]
[85, 395, 84, 376, 477, 86, 183, 203, 218, 209, 1, 78, 120, 18, 142, 283, 143, 217, 182]
[374, 276, 255, 347, 340, 270, 426, 135, 38, 37, 492, 197, 36, 18, 35, 34, 551, 33, 363, 32, 189, 31, 365, 477, 30, 395, 29, 383, 376, 28, 283, 27, 455, 168, 26, 218, 25, 24, 217, 209, 23, 129, 445, 203, 444, 343, 183, 317, 182, 162, 161, 103, 143, 160, 142, 159, 158, 66, 120, 40, 65, 58, 86, 64, 59, 1, 85, 78, 61, 63, 60, 84, 62]
[518, 6, 10, 322, 318, 105, 219, 5, 11, 95, 8, 221, 207, 321, 210, 7, 12, 13, 9, 4]
[225, 460, 22, 475]
[44, 494, 47, 346, 227, 506, 525, 46, 173, 2, 336, 45, 70, 366, 43, 544, 333, 499, 468, 42, 116, 83, 375, 230, 41, 505, 14, 106, 228, 495, 184, 157, 169, 474, 68, 520, 3, 152, 67, 397, 303, 104, 81, 226]
[376, 183, 85, 86, 142, 395, 143, 217, 18, 84, 477, 218, 78, 120, 182, 283, 1, 203, 209]
[254]
[26, 374, 135, 38, 35, 270, 31, 23, 491, 32, 496, 24, 25, 27, 36, 34, 30, 28, 29, 340, 33, 37]
[226, 525, 468, 68, 157, 67]
[525, 67, 525, 226, 67, 157, 157, 68, 226, 68, 468, 468]
[62, 415, 139, 151, 61, 235, 159, 158, 59, 249, 73, 160, 63, 140, 424, 133, 444, 163, 161, 66, 58, 162, 64, 265, 65, 516, 141, 412, 507, 396, 445, 317, 40, 134, 462, 69, 343, 60]
[519, 318, 95]
