[1169, 1134, 1133, 1098, 1097, 1096, 1061]
[922, 923, 924, 959, 960, 961, 962, 963, 998, 999, 1000, 1001, 1002, 967, 968, 933, 934, 935]
[547, 582, 581, 616, 581, 582, 547, 548, 549, 514, 515, 480, 445, 410, 411, 412, 377, 378, 343, 344, 309, 274, 275, 240, 241, 206, 207, 172, 173, 172, 173, 138, 139]
[675, 676, 677, 712, 713, 714, 679, 680, 645, 646, 611, 612, 577]
[569, 568, 603, 602, 637, 636, 671]
[442, 443, 442, 407, 406, 405, 440, 439, 474]
[781, 782, 747, 748, 713, 714, 679, 680, 645, 610, 609, 608, 607, 572, 573, 538]
[603, 604, 569, 568, 569, 534, 499, 500, 465, 466, 431, 432, 397, 398, 363, 364, 329, 330, 295, 296, 261, 262, 227, 228, 193, 194, 159, 160, 125, 126, 91, 92, 57, 58, 23]
[746, 747, 748, 783, 784, 785, 786, 821, 856, 855, 890, 891, 926]
[477, 512, 513, 514, 549, 548, 547, 582, 581, 616, 615, 650, 649, 648, 683, 682, 717, 716, 751, 786, 785, 786, 821, 856, 891, 926, 925, 960, 959, 994, 993, 992, 991, 990, 989, 988, 1023, 1022, 1021, 1020, 1055, 1054, 1053, 1053, 1018, 1053, 1053, 1088, 1089, 1124, 1125, 1160, 1161, 1196]
[741, 740, 741, 706, 707, 672, 707, 708, 709, 710, 745, 746, 747, 712, 713, 678, 679]
[537, 572, 571, 606, 605, 640, 639, 674, 673, 708, 707, 742, 741]
[779, 744, 745]
[741, 740, 705, 706, 671, 670, 635, 636, 601, 602, 567, 568, 569, 534, 499, 500, 465, 466, 431, 432, 397, 398, 363, 364, 329, 330, 295, 330, 331]
[642, 643, 644, 645, 680, 681, 716, 715, 750, 749]
[574, 573, 608, 607, 642, 641, 676]
[733, 768, 803, 838, 839, 840, 875]
[1020, 985, 984, 985, 950, 951, 916, 881, 882]
[544, 545, 510, 511, 476, 477]
[885, 886, 887, 888, 889, 924, 925, 926, 891, 856, 857, 856, 821, 786, 751, 716, 717, 682, 683, 684, 649, 650, 615, 616, 615, 580, 581, 546, 547, 512, 511, 476, 475]
[560, 525, 524, 523, 522, 487, 486, 451, 450, 415, 414, 415, 380, 381, 346, 347, 312, 311, 310, 275, 274, 309, 344, 343, 342, 377, 412, 411, 410, 445, 480, 479, 514]
[646, 645, 644, 609, 608, 607, 606]
[606, 607, 572, 571, 606, 605, 604]
[682, 683, 648, 649, 650, 615, 616, 581, 582, 547, 548, 549, 514, 515, 480, 445, 410, 409, 444, 443, 442]
[408, 407, 372, 371, 370, 369, 334, 333, 332, 331, 330, 295, 296, 295, 330, 329, 364, 363, 398, 397, 432, 431, 466, 465, 500, 499, 534, 533, 568, 567, 568, 569, 604]
[604, 639, 640, 639, 674, 673, 674]
[848, 847, 846, 845, 810, 775, 740, 741, 706, 671]
[401, 402, 403, 404, 439, 440, 439, 474, 473, 508, 507, 542, 541, 576, 575, 610, 609, 644, 643]
[675, 640, 639, 638, 603, 604, 569, 570, 535, 536]
[577, 578, 579, 544, 545, 510, 511, 476, 511, 512, 513, 514, 479, 480]
[265, 266, 301, 266, 301, 302, 303, 338, 339, 340, 375, 376]
[307, 308, 343, 344, 343, 342, 377, 412, 411, 410, 445, 480, 515, 514, 549, 548, 547, 582, 581, 616, 615, 650, 649, 648, 647]
[534, 535, 536, 501, 502, 537, 538]
[671, 670, 705, 740, 775, 810, 811, 846, 847, 848, 849, 848, 883]
[575, 610, 609, 644, 645]
[547, 512, 511, 510, 509, 544, 543, 578, 577, 576, 575]
[610, 611, 612, 647, 682, 681, 716, 715, 750, 749, 784, 783, 818, 817, 852, 853, 854]
[985, 986, 1021, 1022, 987, 988, 989, 990, 991, 992, 993, 994, 995, 960, 925, 926, 891, 856, 857, 856, 821, 786, 751, 716, 717, 682, 683, 684, 649, 650, 615, 616, 615, 580, 579, 578, 579, 578, 543, 542]
[784, 785, 786, 821, 856, 891, 926, 925, 924, 889, 888, 887]
[610, 611, 612, 613, 578, 579, 544, 545, 510, 545, 546]
[818, 819, 820, 855, 856, 821, 856, 891, 926, 925, 960, 959, 994, 993, 992, 991, 990, 989, 988, 1023, 1022, 1021, 1020, 1055, 1054, 1053, 1053, 1018, 1053, 1053, 1088, 1089, 1124, 1125, 1160, 1161, 1196]
[441, 440, 439, 404, 403, 402, 403, 368, 367]
[677, 678, 679, 680, 715, 716, 717, 682, 683, 718, 719, 720, 755, 756, 757, 758, 759, 760, 761, 796, 797, 798, 799, 800, 801, 802, 802, 837, 836, 801, 802, 802, 803, 804, 805]
[747, 782, 783, 748, 749, 714, 715, 680, 681, 646, 647, 612, 613, 578, 579, 544, 545, 510, 511, 476]
[710, 709, 710, 745, 746, 747]
[510, 509, 510, 545, 546, 547, 548, 547, 582, 581, 616, 615, 650, 649, 648, 683, 682, 717, 716, 751, 786, 785, 786, 821, 856, 891, 926, 925, 924, 889, 888, 887]
[607, 606, 607, 572, 573, 538, 539, 538, 539, 504, 505, 506, 541, 542, 543, 544, 545, 510, 511, 476]
[955, 920, 921, 886, 887, 852, 853, 818, 819]
[307, 342, 341, 376, 375, 410, 409]
[950, 951, 952, 951, 952, 987, 988, 1023, 1024, 1025, 1060, 1061, 1096, 1097, 1098, 1099, 1100, 1101, 1102, 1103, 1104, 1069, 1070, 1035, 1036, 1001, 1002, 967, 968, 933, 934, 935, 900, 901, 902, 903, 868, 869, 870, 835, 836, 801, 802, 803, 804, 805]
[513, 514, 549, 548, 547, 582, 581, 616, 615, 650, 649, 648]
[750, 749, 784, 783, 818, 817, 852, 851, 852, 887]
[675, 710, 709, 744, 743, 778, 777, 812, 811, 810]
[504, 505, 506, 541, 542, 543, 578, 577]
[234, 199, 200, 165]
[805, 804, 803, 802, 801, 836, 835, 870, 869, 868, 903, 902, 901, 900, 935, 934, 933, 968, 967]
[781, 782, 747, 746, 745, 744, 709, 744, 743, 778, 777, 812, 811, 846]
[812, 813, 778, 779, 744, 745, 746, 747, 748, 713, 714, 679]
[580, 581, 616, 581, 616, 615, 650, 649, 648, 683, 682, 717, 716, 751, 786, 785, 786, 821, 856, 891, 926, 925, 924, 889, 888, 887, 886, 885, 884, 849, 848, 847, 812, 811]
[441, 476, 475, 476, 511, 512, 513]
[813, 778, 813, 812, 811, 846, 847, 882]
[612, 613, 614, 615, 580, 581, 616, 581, 582, 547, 548, 549, 514, 515, 480, 445, 410, 411, 412, 377, 378, 343, 344, 309, 274, 239, 238, 203, 202, 201, 236, 235]
[750, 749, 714, 715, 680, 681, 680]
[778, 813, 814, 815, 816, 817, 782, 783, 782]
[983, 1018, 1053, 1088, 1089, 1124, 1125, 1160, 1161, 1196]
[607, 606, 607, 572, 573, 538, 539, 540, 541, 576, 577, 542]
[712, 711, 676, 677, 642, 641, 640]
[510, 509, 508, 507, 542, 541, 506, 505, 504, 469, 468, 503]
[813, 812, 813, 778, 779, 744, 745, 710, 711, 676, 675]
[468, 503, 538, 539, 574, 575, 576, 577, 612, 611, 646, 645]
[580, 581, 546, 547, 512, 513, 478, 479, 444, 445, 410, 411, 376, 377, 342, 341]
[984, 983, 1018, 1053, 1054, 1055, 1020, 1021, 1022, 1023, 988, 989, 990, 991, 992, 993, 994, 995, 960, 925, 926, 925, 924, 889, 888, 889, 854, 853]
[748, 783, 782, 817, 816, 851, 850, 885, 920, 919, 954, 955, 990, 991, 1026, 1061, 1062, 1097, 1098, 1133, 1134, 1169, 1170, 1205]
[645, 646, 611, 612, 611, 576, 575]
[742, 743, 744, 745, 710, 711, 675, 676, 676]
[676, 675, 710, 711, 712, 713]
[716, 717, 682, 683, 648, 649, 614, 615, 580]
[886, 885, 920, 919, 954, 955, 990, 991, 1026, 1061, 1062, 1097, 1098, 1133, 1134, 1169, 1168, 1203, 1202]
[1020, 985, 984, 985, 950, 949, 914, 879, 880]
[717, 716, 715, 680, 681, 682, 683, 648, 647]
[401, 436, 435, 470, 469, 504, 503, 538, 537, 572, 571, 572, 607, 608]
[510]
[781, 816, 815, 850, 849]
[264, 229, 230, 195, 196, 161, 162, 127]
[539, 540, 541, 576, 577, 578, 579, 614, 615, 616, 581, 616, 615, 650, 649, 648, 683, 682, 717, 716, 751, 786, 785, 786, 821, 856, 891, 926, 925, 960, 959, 994, 993, 992, 991, 990, 989, 988, 1023, 1022, 1021, 1020, 1055, 1054, 1053, 1053, 1018, 1053, 1053, 1088, 1089, 1124, 1125, 1160, 1161, 1196]
[744, 745, 744, 743, 708, 707, 706, 705, 706, 671, 670, 635, 636, 601, 602, 567, 568]
[503, 468, 467, 432]
[644, 645, 610, 609, 644, 643, 678, 677, 712, 711]
[846, 811]
[576, 575, 610, 611, 612, 613, 648, 649]
[915, 880, 881, 846, 847, 812, 813, 778, 779, 744, 745, 780, 781]
[577, 542, 541, 576, 575, 610, 575]
[714, 713, 748, 747, 782, 781, 816, 815, 850, 849, 848, 813]
[813, 814, 815, 816, 851, 850, 885, 920, 921, 922, 923, 924, 959, 960, 961, 962, 963, 998, 999, 1000, 1001, 1002, 967, 968, 933, 934, 935, 900, 901]
[676, 675, 710, 709, 744, 743, 778, 777, 812, 811, 846, 881, 882]
[573, 608, 607, 642, 641, 676]
[716, 715, 714, 713, 748]
[476, 477, 512, 511, 476, 475, 474, 473, 508, 507, 508]
[724, 723, 722, 687, 686]
[678, 677, 676, 677, 642, 643, 608, 609, 608, 573, 572, 573]
[953, 988, 989, 990, 991, 992, 993, 994, 995, 960, 925, 926, 891, 856, 857, 856, 821, 786, 751, 716, 717, 682, 683, 684, 649, 650, 615, 616, 615, 580, 581, 546, 547, 512, 513, 478, 477]
[676, 677, 642, 643, 608, 609]
[607, 572, 573, 538, 539, 538, 503, 468, 433, 434, 399, 400, 365, 366, 331, 332]
[538, 573, 574, 575]
[436, 401, 436, 435, 434]
[503, 468, 503, 538, 537]
[408, 409, 410, 411, 412, 377, 378, 343, 344, 309, 274, 275, 310, 311, 312, 347, 346, 381, 380, 379, 414, 449, 450, 451, 486, 487, 522, 523, 524, 559, 560]
[680, 679, 680, 645, 646, 611, 612, 577, 542, 543, 508, 509, 474, 475, 440]
[815, 850, 849, 848, 847, 846, 845, 810, 775, 740, 705, 706, 671, 670, 635, 636, 601, 602, 567, 568, 569, 534, 499, 500, 465, 466, 431, 432, 397, 398, 399, 400, 365, 366, 401]
[536, 537, 538, 539]
[747, 748, 783, 748, 749, 714, 715]
[374, 375, 410, 411, 410, 445, 480, 515, 514, 549, 548, 547, 582, 581, 616, 615, 650, 649, 648, 683, 682, 717, 716, 715, 680, 679, 678, 677, 642, 643, 642, 641, 606]
[403, 402, 401, 436, 435, 470, 469, 468, 433]
[816, 817, 782, 783, 748, 749, 714, 715, 714, 713, 678, 679, 644, 645]
[441, 440, 475, 474, 509]
[675, 640, 641, 606, 607, 572]
[576, 577, 612, 611, 646]
[931, 932, 967, 966, 965, 1000, 999, 998, 963, 962, 961, 960, 959, 924, 923, 922, 923, 888, 887, 852]
[366, 367, 402, 401]
[573, 572, 573, 608, 609, 610, 609, 644, 643, 644]
[784, 785, 786, 751, 716, 717, 682, 683, 682, 683, 682, 647, 646, 645]
[681, 716, 717, 682, 683, 718, 719, 720, 755, 756, 757, 758, 759, 760, 761, 796, 797, 798, 799, 800, 801, 802, 802, 837, 836, 801, 802, 802, 803, 804, 805]
[816, 817, 816, 781, 780, 779, 744, 745, 710, 711, 676]
[560, 525, 524, 523, 522, 487, 486, 451, 450, 415, 414, 415, 380, 381, 346, 347, 312, 311, 310, 275, 274, 309, 344, 343, 342, 377, 412, 411, 410, 445, 480, 515, 514, 549, 548, 547, 582, 581, 580, 579, 578, 577, 542, 541, 576, 541, 576, 541, 540, 539, 574]
[509, 544, 543, 578, 577, 612, 611, 646, 645, 680, 679, 714, 713, 748, 747, 782, 781, 746, 745, 744, 743, 778, 777, 776]
[675, 640, 639, 638, 637, 602, 601, 602, 567, 568, 569, 534, 499, 500, 499, 534]
[467, 468, 503, 504, 505, 506, 541, 542, 543, 544]
[672, 673, 674, 675, 710, 711, 712, 713, 714, 679, 680, 645, 646, 647, 612]
[333, 332, 367]
[576, 577, 612, 611, 646, 645, 680, 679, 714, 713, 748, 747, 782, 781, 816, 815, 850, 849, 884, 883, 884]
[468, 433, 434, 469, 470, 471, 436, 437, 402]
[783, 782, 783, 748, 747, 746, 745, 710, 709]
[580, 581, 546, 547, 512, 513, 478, 477, 442, 441, 440, 441, 406, 407, 372, 371, 370, 369, 334, 333]
[776, 741, 742, 743, 708, 709, 674, 675, 640]
[779, 780, 781, 816, 815, 850, 849, 884, 885, 920, 921, 920, 955]
[401, 402, 403, 404, 439, 440, 441, 406, 407, 372]
[853, 852, 853, 818, 819, 784, 785, 750, 751, 716, 715]
[781, 782, 783]
[675, 640, 641, 642, 643, 608, 609, 574, 575, 576, 575]
[645, 680, 679, 680, 715]
[365, 366, 401, 402, 403, 404, 439, 440, 441, 476]
[468, 433, 434, 399, 400, 399]
[741, 740, 741, 706, 707, 708, 709, 710, 745, 746]
[852, 853, 818]
[229, 228, 263]
[611, 612, 577, 542, 543, 508, 509, 474, 475, 474, 439, 474]
[709, 710, 745, 710, 711, 676, 677, 642, 643, 678]
[948, 949, 914, 879, 844, 845, 846]
[581, 546, 547, 512, 513, 478, 477]
[748, 747, 748, 713, 714, 679, 680, 645, 646, 611, 612, 577, 612]
[126, 161, 126, 125, 160, 159, 194, 193, 228, 227, 262, 261, 296, 295, 330, 329, 364, 363, 398, 399, 400]
[574, 575, 576, 577, 612, 613, 648, 647, 682, 681, 682, 717]
[433, 432, 467, 466, 501, 500, 535]
[710, 709, 744, 745, 780, 781, 782, 783, 784]
[406, 441, 440, 439, 404, 403, 402, 401, 366, 365, 364, 399, 398, 397, 432, 431, 466, 465, 500, 499, 534, 533, 568, 567, 602, 601, 636, 635, 670, 705, 740, 775, 776]
[776, 777, 778, 779, 814, 815, 816, 817]
[574, 575, 576, 611, 612, 613, 648, 647, 682, 681, 682, 717, 716, 751, 786, 785, 786, 821, 856, 891, 926, 925, 924, 889, 888, 887]
[543, 578, 577, 612, 611, 646, 645, 610, 609, 644, 609, 608, 607]
[875, 840, 839, 838, 837, 802, 801, 800, 799, 798, 797, 762, 761, 760, 759, 758, 757, 756, 755, 720, 719, 718, 683, 682, 717, 716, 715, 680, 681, 646, 647, 646]
[852, 853, 818, 817, 782]
[580, 581, 546, 547, 512, 513, 478, 477, 478]
[675, 676, 677, 678, 713, 714, 715, 716, 751, 786, 785, 786, 821, 856, 891, 926, 925, 960, 959, 994, 993, 992, 991, 990, 989, 988, 988, 987, 988, 988, 1023, 1024, 1025, 1060, 1061, 1096, 1131, 1130]
[678, 679, 680, 715, 716, 717, 716, 751, 786, 785, 786, 821, 856, 891, 926, 925, 924, 889, 888, 887]
[435, 470, 469, 504, 503, 538, 537, 536, 501, 500, 535, 534, 569, 568, 603, 602, 567, 566, 565, 564, 529, 528, 527, 526, 526, 561, 561, 526, 526]
[854, 853, 854, 819, 818, 817, 816, 781, 780, 779, 744, 745, 710, 711]
[468, 503, 538, 573, 572, 573]
[539, 574, 575, 576, 577, 612, 611, 646, 645, 680, 679, 714, 713, 748, 747, 782, 781, 816, 815, 850, 849]
[578, 579, 544, 545, 510, 511, 476, 511, 512, 513, 478, 479]
[606, 605, 640, 639, 674, 673, 674]
[581, 616, 581, 582, 547, 548, 549, 514, 515, 480, 445, 410, 411, 412, 377, 378, 343, 344, 309, 274, 275, 310, 311, 312, 347, 346, 381, 380, 379, 414, 449, 450, 451, 486, 487, 522, 523, 524, 559, 560]
[579, 614, 613, 648, 647, 646, 645]
[748, 749, 748, 747, 746, 745]
[781, 780, 779, 814, 815, 850, 849, 884, 883, 884]
[546, 545, 544]
[816, 817, 782, 783, 748, 749, 714, 715, 680, 681, 646, 647, 612, 613, 578, 579, 544, 545]
[367, 366, 331, 332, 331, 330, 295, 296, 261, 262, 227, 228, 193, 194, 159, 160, 125, 126, 91, 92, 57, 58, 23, 24, 25]
[546, 547, 512, 513, 478, 479, 444, 445, 410, 411, 376, 377, 342, 343, 344]
[406, 405, 440, 439, 404, 403, 402, 401, 366, 365, 400, 399]
[641, 642, 641, 676, 675]
[782, 781, 816, 815, 850, 849, 884]
[882, 881, 880, 845, 844, 879, 914, 949, 948]
[816, 815, 850, 849, 884, 885, 920, 919, 954, 955, 990, 991, 1026, 1061, 1062, 1097, 1098, 1133, 1134, 1169, 1170, 1171, 1172]
[443, 442, 441, 406, 407, 372, 373, 372]
[744, 745, 780, 779]
[407, 408, 443, 444, 445, 480, 515, 514, 549, 548, 547, 582, 581, 616, 615, 650, 649, 648, 683, 682, 717, 716, 751, 786, 785, 750, 749, 784, 783, 782, 781, 746, 781]
[854, 889, 888, 887]
[743, 744, 743, 778, 777, 812, 811, 846, 881, 882]
[875, 840, 839, 838, 837, 802, 801, 800, 799, 798, 797, 762, 761, 760, 759, 758, 757, 756, 755, 720, 719, 718, 683, 682, 717, 716, 715, 680, 679, 678, 677, 642, 643, 608, 607]
[408, 407, 372, 371, 370, 369, 334, 333, 332, 367, 402, 401, 436, 435, 470, 469, 504, 503, 538, 537, 502]
[747, 748, 713, 714, 679, 680, 681, 682, 683, 648, 649, 614, 615, 580, 581, 580, 545]
[478, 477, 442, 441, 440, 475, 474]
[818, 819, 784, 785, 750, 749, 714, 713, 712]
[778, 777, 742, 743, 708, 709, 710]
[542, 543, 508, 509, 474, 475, 440, 439, 404, 403, 402, 401, 366]
[675, 710, 711, 712, 713]
[560, 525, 524, 523, 522, 487, 486, 451, 450, 415, 414, 415, 380, 381, 346, 347, 312, 311, 310, 275, 274, 309, 344, 343, 342, 377, 412, 411, 410, 409, 408, 373, 372, 371, 370, 369, 334]
[645, 646, 611, 646, 645, 680, 679, 678, 643, 642, 641, 676]
[547, 548, 547, 582, 581, 616, 615, 650, 649, 648, 647]
[644, 645, 680, 681, 646, 647, 612, 613, 578, 579, 544, 545, 510, 511, 476, 477, 442]
[708, 709, 674, 673, 672, 637, 636, 601, 602, 567, 568, 569, 534, 535]
[1177, 1142, 1143, 1144, 1145, 1180, 1181]
[605, 640, 639, 674, 673, 708, 707, 708, 709, 710, 745]
[875, 840, 839, 838, 837, 802, 801, 800, 799, 798, 797, 762, 761, 760, 759, 758, 757, 756, 755, 720, 719, 718, 683, 682, 717, 716, 715, 680, 679, 678, 677, 642, 643, 608, 609, 608, 573, 608]
[576, 577, 578, 613, 648, 647, 682, 681, 716, 715, 750, 749, 784, 783, 818, 817]
[572, 607, 608, 609, 610, 645, 646, 647, 682, 681, 716, 717, 682, 683, 718, 719, 720, 755, 756, 757, 758, 759, 760, 761, 796, 797, 798, 799, 800, 801, 802, 837, 838, 839, 840, 875]
[647, 682, 683, 648, 649, 650, 615, 616, 581, 582, 547, 548, 549, 514, 515, 480, 445, 410, 411, 412, 377, 378, 343, 344, 309, 274, 275, 240, 241, 240, 239, 204, 169, 134, 99, 64, 29]
[611, 646, 645, 680, 679, 714, 713]
[805, 804, 803, 802, 801, 836, 835, 870, 869, 868, 903, 868, 903, 902, 901, 936, 971, 970, 971, 1006]
[915, 880, 845, 810, 775, 740, 705, 706, 671, 670, 635, 636, 671, 672]
[747, 782, 747, 782, 781, 816, 815, 850, 849, 884]
[584, 585, 620, 619, 620, 655, 656]
[853, 852, 853, 818, 819, 784, 785, 820, 821]
[782, 781, 782, 747, 748, 713, 714, 679, 680, 645, 646, 645]
[366, 331, 332, 333, 334, 369, 334, 369, 370, 371, 372, 407, 408, 409, 444, 443, 444]
[476, 475, 510, 509, 544, 543, 578, 577, 578, 613, 614]
[675, 640, 641, 642, 643, 608, 609, 574, 575, 610, 609]
[547, 582, 581, 546, 547]
[916, 881, 882, 847, 848, 849, 884, 885, 850, 851, 816, 817, 782, 783, 748, 749, 714, 715, 680, 681, 646, 647, 612, 613, 578]
[711, 676, 677, 642, 643, 608, 609, 574]
[814, 815, 816, 817, 782, 783, 748, 749, 714, 713, 714, 679, 680]
[441, 440, 439, 474, 473, 508, 507, 542, 541, 576, 575, 610, 575]
[331, 366, 365, 366, 367, 402, 401, 436, 435, 470, 469, 504, 505, 504, 505, 506, 541, 542, 543, 544]
[884, 849, 850, 815, 816, 815]
[479, 514, 513, 512]
[434, 399, 398, 399, 398, 397, 432, 431, 466, 465, 500, 499, 534, 533, 568, 569, 568, 603, 602]
[676, 675, 676, 677, 712, 713, 714, 715, 750, 749]
[571, 570, 569, 568, 603, 602, 637, 636, 671]
[1020, 1021, 1022, 987, 988, 989, 990, 991, 992, 993, 994, 995, 960, 925, 926, 925, 924, 889, 888, 887, 886, 887, 852, 853, 818, 817]
[469, 504, 503]
[608, 609, 610, 645, 646, 611]
[641, 642, 643]
[572, 573, 538, 539, 538, 539, 504, 505, 506, 541, 542, 543, 544, 545, 510, 511, 476, 477]
[781, 782, 817, 816, 851, 850, 885, 920, 921, 922, 923, 924, 959, 960, 961, 962, 963, 998, 999, 1000, 1001]
[679, 714, 713, 748, 747, 782, 781, 816, 815, 850, 849, 884]
[575, 574, 539, 538, 537, 572, 571, 606, 605, 640]
[846, 881, 882, 917, 918, 919, 954, 955, 990, 991, 1026, 1061, 1062, 1097, 1098, 1133, 1134, 1169, 1170]
[511, 546, 545, 580, 579, 614, 613, 648, 647, 646, 611, 610]
[572, 573, 608, 609, 574, 575, 540, 541, 576, 577, 578, 579, 614, 615, 616, 617, 652, 653, 654, 655, 690, 691, 692, 727, 728, 728, 728, 728, 729, 730, 731, 732]
[477, 512, 513, 514, 549, 548, 547, 582, 581, 616, 615, 650, 649, 648, 683, 682, 717, 716, 715, 680, 679, 678, 677, 642, 641, 676, 675]
[851, 850, 851, 816, 815, 814]
[575, 540, 575, 576, 577, 578, 613, 614, 613, 648, 647, 682, 681]
[885, 884, 849, 848, 847, 812, 813, 778, 779, 744, 745, 710, 711, 676, 677, 642, 643, 608]
[715, 680, 681, 646, 647, 612, 611, 576, 575, 574, 573]
[679, 680, 645, 646, 611, 612, 577, 578, 543, 542, 541, 506, 505, 504, 503, 468, 433, 434, 399, 400]
[442, 441, 476, 475, 510, 509, 544, 543, 578, 577, 612, 611, 646, 645, 610, 609, 608]
[536, 537, 572, 571, 606, 605]
[951, 986, 987, 988, 953]
[263, 262, 297, 296, 331, 330, 365, 364]
[643, 608, 609, 644, 645, 646, 647, 682, 683, 648, 649, 650, 615, 616, 581, 582, 547, 548, 549, 514, 515, 480, 445, 410, 409, 408, 409, 374, 375, 340, 341, 306]
[441]
[612, 613, 578, 579, 544, 545, 510, 511, 476]
[512, 511, 476, 475, 474, 473, 438, 437, 402]
[875, 840, 839, 838, 837, 802, 801, 836, 835, 870, 869, 868, 903, 902, 901, 900, 935, 934, 933, 968, 967, 1002, 1001, 1000, 999, 998, 963, 962, 961, 960, 959, 924, 923, 922, 923, 888, 887]
[263, 262, 297, 296, 331, 330, 365]
[537, 572, 571, 606, 605, 606, 607]
[610, 611, 612, 613, 648, 647, 682, 681, 716, 717, 682, 683, 718, 719, 720, 755, 756, 757, 758, 759, 760, 761, 796, 797, 798, 799, 800, 801, 802, 802, 837, 836, 801, 802, 802, 803, 804, 805]
[573, 608, 607, 642, 641, 676, 675, 710, 709, 744, 743, 778, 777, 812, 811, 846, 881, 916, 917, 916]
[607, 642, 643, 644, 645, 680, 681, 682, 717, 716, 751, 786, 785, 786, 821, 856, 891, 926, 925, 960, 959, 994, 993, 992, 991, 990, 989, 988, 1023, 1022, 1021, 1020, 1055, 1054, 1053, 1053, 1018, 1053, 1053, 1088, 1089, 1124, 1125, 1160, 1161, 1196]
[609, 610, 611, 612, 577, 578, 579, 614, 615, 616, 617, 652, 653, 654, 655, 690, 691, 692, 727, 728, 728, 728, 728, 729, 730, 731]
[920, 919, 954, 953, 988, 987, 986, 985]
[535, 536, 571, 572, 573, 574, 575, 610, 611, 612, 611, 646, 611]
[852, 853, 818, 819, 784, 785, 750, 751, 716, 717, 682, 681, 680]
[672, 673, 674]
[645, 610, 645, 646, 645, 680, 679, 714, 713, 748, 747, 782, 781, 816, 815, 850, 849, 814]
[511, 476]
[812, 777, 778, 779, 814, 815]
[567, 602, 601, 636, 635, 670, 705, 706, 707, 742, 743, 744, 743, 778, 779, 780]
[539, 574, 575, 576]
[409, 444, 443, 478, 477, 442, 441]
[813, 848, 847, 812, 813, 778, 779, 780, 781]
[547, 582, 581, 580, 545]
[712, 713, 714, 749]
[642, 643, 678, 677, 712, 711, 746]
[777, 778, 777, 812, 811, 846, 811, 846]
[368, 403, 402, 403, 404, 439, 440, 439, 474, 473, 508, 507, 542, 543, 578, 577, 612, 611, 646, 645, 680, 679, 714, 713, 748, 747]
[949, 914, 879, 844, 845, 810]
[343, 344, 343, 342, 377, 412, 411, 410, 409, 408, 373, 372, 371, 370, 369, 334, 333, 332, 367, 368]
[875, 840, 839, 838, 837, 802, 801, 800, 799, 798, 797, 762, 761, 760, 759, 758, 757, 756, 755, 720, 719, 718, 683, 682, 717, 716, 715, 680, 681]
[916, 881, 882, 847]
[648, 647, 682, 681, 680, 645, 644, 643, 642, 607, 606]
[503, 538, 573, 574, 573, 608, 607, 642, 641, 676]
[608, 609, 574, 575, 540, 541, 576, 577, 542, 543, 508, 509, 474, 475, 440, 441, 406, 441, 442, 407]
[744, 743, 778, 777, 742]
[915, 880, 881, 846, 847, 848, 849, 884, 885, 850, 851]
[747, 748, 749, 714, 715, 716, 717, 682, 683, 718, 719, 720, 755, 756, 757, 758, 759, 760, 761, 796, 797, 798, 799, 800, 801, 802, 802, 837, 836, 801, 802, 802, 803, 804, 805]
[578, 577, 576, 575, 574, 539, 538, 537, 572, 571]
[681, 680, 645, 644, 643, 608, 609]
[638, 639, 674, 673, 708, 709, 710]
[432, 397, 398, 363, 364, 329, 330, 295, 330, 331, 332, 297]
[680, 681, 682, 717, 716, 751, 786, 785, 786, 821, 856, 891, 926, 925, 924, 889, 888, 887]
[742, 741, 776, 777, 778, 779, 780, 815, 816, 817, 818, 853, 854]
[642, 641, 606, 605]
[25, 24, 25, 60, 61, 60, 95, 94, 129, 164, 199, 200, 165]
[538, 539, 574, 575, 576, 575, 610]
[604, 569, 570, 571, 572, 607, 608, 609, 610, 645, 646, 647, 612]
[746, 745, 710, 711, 676, 677, 642, 643, 608, 607]
[366, 365, 400, 399, 434, 433, 468, 503]
[888, 887, 886, 851, 850, 851, 816]
[505, 506, 541, 542, 543, 578, 577, 612, 611, 646, 645, 680, 679, 714, 713, 748, 747, 782, 781]
[610, 645, 646, 645, 680, 679, 678, 643, 642, 641, 676]
[607, 572, 571, 570, 535, 534, 569]
[742, 743, 744, 745, 710, 711, 676, 677, 642, 643, 608, 609, 610]
[580, 581, 616, 581, 616, 615, 650, 649, 648, 683, 682, 717, 716, 751, 786, 785, 786, 821, 856, 891, 926, 925, 924, 889, 888, 887, 886, 885, 884, 849, 848, 847, 812, 811]
[641, 642, 641, 676, 675, 710, 709, 744, 743, 778, 777, 812]
[776, 777, 742, 743, 708, 709, 710, 745, 746, 747, 712, 713, 678, 679, 644]
[875, 840, 839, 838, 837, 802, 801, 800, 799, 798, 797, 762, 761, 760, 759, 758, 757, 756, 755, 720, 719, 718, 683, 682, 717, 716, 715, 680, 679, 680, 645, 610, 609, 608, 607, 572]
[602, 601, 636, 635, 636, 671, 672, 673, 708, 707]
[436, 471, 470, 505, 504, 503, 538, 573, 574, 573, 608, 607, 642, 641, 676]
[542, 543, 508, 509, 474, 475, 440, 439, 404, 403, 402, 403, 368, 369]
[647, 682, 681, 682, 717, 716, 751, 786, 785, 786]
[538, 537, 536, 501, 500, 535]
[675, 640, 641, 606, 607, 572, 573, 538, 539, 540]
[609, 644, 643, 678, 677, 712]
[707, 706, 707, 672, 637, 638, 603, 604, 569, 570, 535, 536, 501, 502, 467, 468, 503, 504, 505, 506, 541, 542, 543, 544, 545, 510, 511, 476, 477, 442, 443]
[571, 606, 605, 640, 639, 674, 673, 674]
[400, 365, 366]
[818, 817, 852, 851, 850]
[851, 850, 849]
[612, 611, 612, 647]
[365, 366, 331, 332, 297, 298, 263]
[813, 778, 777, 742, 743, 708, 707, 706, 707, 672, 637, 638, 603, 604, 569, 570, 535, 536, 501, 502, 537]
[677, 642, 643, 608, 609, 610]
[369, 334, 369, 334, 369, 370, 371, 372, 373, 338, 339, 304, 305, 270, 271, 236, 237, 202]
[819, 784, 785, 750, 751, 716, 717, 682, 683, 648, 647, 646]
[779, 744]
[366, 367, 402, 401, 436, 437, 438, 473, 474, 473, 508, 507, 542]
[477, 512, 511, 510, 509]
[646, 645, 680, 679, 678, 679]
[714, 715, 680, 681, 646, 647]
[611, 612, 647, 612, 613, 578, 579, 544, 545, 510, 511, 476]
[846, 847, 848, 849, 884, 885, 920, 921, 922]
[539, 574, 575, 576, 577, 612, 611, 646, 645, 680, 679, 714, 713, 748, 747, 782, 781]
[434, 399, 398, 397, 432, 431, 466, 465, 500, 499, 534, 533, 568, 567, 602, 601, 636, 635, 670, 671, 672, 707, 708, 709, 710, 745, 746, 747]
[574, 575, 610]
[540, 539, 538, 503, 468, 433, 434, 433]
[579, 614, 613, 648, 647, 682, 681, 716, 715, 750, 749, 784, 783, 818, 817, 852, 851, 886, 885, 884, 849, 884, 883, 918]
[576, 577, 578, 579, 544, 545, 510]
[434, 433, 468, 503, 538, 539, 574, 575]
[467, 432, 433, 434]
[537, 536, 535, 534, 569, 568, 603, 638, 639]
[745, 710, 711, 676, 677, 642, 643, 608, 609, 574, 575, 540, 541, 576, 577]
[604, 569, 570, 535, 536, 537]
[573, 574, 575, 576, 611, 612, 613, 578, 579, 544, 545, 510, 511, 476, 511, 512, 513, 514, 479]
[678, 679, 680, 645, 646, 611, 612, 577, 576, 577]
[441, 440, 475]
[606, 607, 572, 573, 538, 539, 540, 541, 576, 577, 578, 579]
[707, 708, 709, 744, 743, 778]
[510, 511, 510, 509, 544, 543, 578]
[512, 513, 478, 443, 442, 441]
[742, 743, 708, 709, 674, 675, 640, 641, 606, 607, 572, 573, 538, 539, 538, 539, 504, 505, 506, 541, 542, 543, 508, 509]
[542, 543, 508, 509, 474, 475, 440, 441, 406, 407, 406]
[750, 749, 714, 713, 712]
[675, 640, 641, 606, 605]
[884, 885, 886, 887, 888, 889, 924, 925, 926, 891, 856, 857, 856, 821, 786, 751, 716, 717, 682, 683, 684, 649, 650, 615, 616, 615, 580, 579, 578, 579, 578]
[645, 610, 609, 644, 643, 678, 677, 712, 711, 746, 745, 780, 779, 814, 813]
[987, 988, 989, 990, 991, 992, 993, 994, 995, 960, 925, 926, 891, 856, 857, 856, 821, 786, 751, 716, 717, 682, 683, 684, 649, 650, 615, 616, 581, 582, 547, 548, 549, 514, 515, 480, 445, 410, 411, 412, 377, 378, 343, 344, 309, 274, 275, 310, 311, 312, 347, 346, 381, 380, 379, 414, 449, 450, 451, 486, 487, 522, 523, 524, 559, 560]
[715, 714, 715, 680, 681, 646, 645, 644, 609, 608, 607, 606]
[560, 525, 524, 523, 522, 487, 486, 451, 450, 415, 414, 415, 380, 381, 346, 347, 312, 311, 310, 275, 274, 309, 344, 343, 342, 377, 412, 411, 410, 445, 480, 515, 514, 549, 548, 547, 582, 581, 616, 615, 650, 649, 648, 683, 682, 717, 716, 751, 786, 785, 786, 821, 856, 891, 926, 925, 960, 959, 994, 993, 992, 991, 990, 989, 988, 987, 1022, 1021, 986, 985, 986]
[783, 782, 783, 748, 749, 714, 715, 680, 679, 678, 677, 642]
[444, 445, 410, 409, 408, 407, 372, 371, 370, 369, 334, 333, 332]
[819, 784, 785, 786, 751, 716, 717, 682, 683, 684, 649, 650, 615, 616, 615, 580, 579, 578, 579, 544, 545, 510]
[263, 298, 263, 264, 229, 230, 195, 196, 161, 162, 127, 128, 93]
[560, 525, 524, 523, 522, 487, 486, 451, 450, 415, 414, 415, 380, 381, 346, 347, 312, 311, 310, 275, 274, 309, 344, 343, 342, 377, 412, 411, 410, 409, 408, 407, 442, 441]
[436, 437, 402, 401, 366, 365, 366, 331, 332]
[741, 740, 705, 706, 671, 670, 635, 636, 601, 602, 567, 568, 569, 534, 499, 500, 465, 466, 431, 432, 397, 398, 399, 400, 365, 366, 401]
[644, 643, 608, 643, 644, 643, 678, 679, 680, 715, 716, 717, 682, 683, 718, 719, 720, 755, 756, 757, 758, 759, 760, 761, 796, 797, 798, 799, 800, 801, 802, 837, 838, 839, 840, 875]
[985, 984, 985, 950, 951, 916, 881, 882, 847, 812, 813, 778, 779, 744, 745, 710, 745, 746, 747]
[575, 576, 575, 610, 609, 644, 643, 678]
[744, 743, 778, 777, 742]
[604, 569, 570, 569, 568, 603, 602, 637, 636, 671, 670, 705, 740, 775, 810, 811, 846, 847, 848, 849, 884]
[742, 743, 708, 709, 674, 675, 640, 641, 606, 607]
[815, 850, 849, 848, 813]
[366, 331, 366, 331, 332, 333, 334, 369, 334, 369, 370, 371, 372, 373, 338, 339, 304, 305, 270, 271, 236]
[875, 840, 839, 838, 837, 802, 801, 800, 799, 798, 797, 762, 761, 760, 759, 758, 757, 756, 755, 720, 719, 718, 683, 682, 717, 716, 715, 680, 679, 680, 645, 610]
[675, 676, 677, 678, 679, 680, 715, 716, 717, 682, 683, 718, 719, 720, 755, 756, 757, 758, 759, 760, 761, 796, 797, 798, 799, 800, 801, 802, 802, 837, 836, 801, 802, 802, 803, 804, 805]
[645, 646, 647, 612, 613, 578, 579, 544, 545, 510, 511, 476, 475, 474, 473, 438, 437, 402, 401]
[579, 580, 581, 616, 615, 650, 649, 648, 683, 682, 717, 716, 751, 786, 785, 750, 749, 784, 783, 818, 817, 816, 781, 780, 779, 778, 777, 742, 777, 776]
[884, 849, 850, 815, 816, 817, 782, 783, 748, 747]
[408, 407, 442, 441, 476, 475, 476, 511, 512]
[577, 576, 577, 542, 543, 508, 509, 474]
[680, 645, 644, 643, 642, 607]
[607, 572, 571, 570, 535, 534, 533, 568, 567, 602, 601, 636, 635, 670, 705, 740, 741]
[477, 442, 477, 478, 479, 444]
[539, 538, 539, 504, 505, 470, 471, 436, 437, 402]
[572, 573, 572, 571, 606, 605, 606]
[815, 850, 849, 848, 847, 846, 845, 810]
[575, 576, 577, 612, 613, 578, 579, 544, 545, 510, 511]
[576, 577, 612, 611, 646, 645]
[672, 637, 638, 603, 604, 569, 570, 535, 536, 501, 502, 467, 468, 503, 504, 505, 506, 541, 542, 543, 508, 509, 510, 545, 546, 547, 512]
[812, 777, 776, 775, 810, 775, 740, 705, 706, 671, 670, 635, 636, 601, 602, 567, 568, 569, 534, 535, 570, 535, 536, 571, 572, 571]
[477, 476, 475, 476, 441]
[398, 399, 398, 397, 432, 431, 466, 465, 500, 499, 534, 533, 568, 567, 602, 601, 636, 635, 670, 671, 672, 707, 708, 709, 710, 745, 746]
[640, 641, 642, 643, 678, 679, 680, 679, 714, 715, 716, 751, 786, 785, 786, 821, 856, 891, 926, 925, 960, 959, 994, 993, 958]
[681, 646, 647, 612, 613, 578, 579, 544, 545, 510, 511, 476, 477, 442, 443]
[750, 749, 784, 783, 818]
[884, 885, 850, 851, 816, 817, 782, 783, 748, 749]
[537, 538, 539, 574, 575, 576]
[782, 783, 748, 749, 714, 715, 680]
[1021, 1022, 987, 988, 953, 954, 919, 920, 885]
[577, 578, 579, 544]
[468, 503, 538, 539, 540, 541, 576, 575, 610]
[648, 647, 682, 681, 716, 715, 750, 749, 784, 783, 818, 817, 852, 851, 852, 853]
[512, 513, 478, 479, 444, 445, 410, 411, 412, 377, 378, 343, 344, 309, 274, 239, 238, 203, 202, 201, 236, 235, 234]
[780, 815, 816, 817]
[783, 782, 783, 748, 749, 714, 715, 680, 679, 678, 643, 642]
[503, 504, 539, 504, 505, 506, 541, 542, 543, 544, 545, 510, 511, 476]
[881, 916, 915, 914, 949]
[918, 919, 884, 849, 850]
[434, 399, 400, 365, 366, 331, 332, 333, 334]
[850, 849, 848, 813, 812, 813, 778, 779, 744, 745, 710, 711, 676, 677, 642, 641, 640, 639]
[613, 614, 615, 580, 581, 616, 581, 582, 547, 548, 549, 514, 515, 480, 445, 410, 411, 412, 377, 378, 343, 344, 309, 274, 275, 310, 311, 312, 313, 278, 279, 280, 245]
[746, 747, 782, 747, 748, 713, 714, 679, 680, 645]
[887, 886, 921, 920, 955, 954]
[678, 679, 680, 645, 646, 611]
[538, 539, 574, 575, 576, 577, 578, 613, 614, 615, 616, 617, 652, 653, 654, 655, 690, 689, 654, 689, 688, 723, 722, 721]
[812, 777, 778, 779, 744, 745, 746, 747, 748, 713, 714, 679, 680, 645, 646, 611, 612, 577]
[579, 614, 613, 648, 647, 682, 681]
[510, 509, 544, 543, 578, 577, 612, 611, 646, 645, 680, 679, 714, 713, 748, 747, 782, 747]
[475, 440, 441, 406]
[781, 780, 745, 744, 745, 710, 709, 708, 673, 672]
[477, 476, 475, 510, 509, 544, 543, 578, 577, 612, 611, 646]
[745, 710, 711, 676, 677, 642, 643, 608, 609, 574, 573]
[744, 745, 710, 711]
[784, 785, 820, 821, 856, 891, 926, 925, 924, 889]
[572, 573, 574, 575, 610, 611, 612, 613, 648, 647, 682, 681, 716, 717, 682, 683, 718, 719, 720, 755, 756, 757, 758, 759, 760, 761, 796, 797, 798, 799, 800, 801, 836, 835, 870, 869, 868, 903, 902, 901, 900, 935, 934, 933, 968, 967, 966, 1001, 1036, 1035, 1070, 1105, 1106, 1141, 1176, 1211]
[573, 608, 609, 574, 575, 540, 541, 576, 577, 542, 543, 508, 509, 474, 475, 440, 441, 406, 407, 408, 407]
[514, 549, 548, 547, 582, 581, 616, 615, 650, 649, 648, 613, 612, 611, 612, 577]
[245, 280, 279, 278, 313, 312, 311, 310, 275, 274, 309, 344, 343, 342, 377, 412, 411, 410, 409, 444, 443, 442]
[707, 706, 705, 740, 775, 810, 845, 844, 879, 914, 949, 948, 983, 1018, 1053, 1054, 1055, 1020, 1021, 1022, 1023, 988, 987, 988, 1023, 1024, 1025, 1060, 1061, 1096, 1131, 1130]
[672, 673, 674, 675, 710, 709, 744, 743, 778, 779, 780]
[746, 747, 748, 713, 714, 679, 680, 645, 646, 611, 612, 577]
[805, 804, 803, 802, 801, 836, 835, 870, 869, 868, 903, 902, 901, 900, 935, 934, 933, 968, 967, 966, 1001, 1036, 1035, 1070, 1071, 1072, 1107, 1142, 1143, 1144, 1145, 1146, 1181, 1182, 1217]
[675, 676, 711, 712, 713, 714, 749, 750, 751, 786, 785, 786, 821, 856, 891, 926, 925, 960, 959, 994, 993, 992, 991, 990, 989, 988, 1023, 1022, 1021, 1020, 1055, 1054, 1019, 1020]
[645, 680, 679, 678, 643]
[1171, 1170, 1169, 1134, 1133, 1098, 1097, 1096, 1061, 1060, 1025, 1024, 1023, 988, 988, 988, 987, 952, 987, 988, 988, 988, 989, 990, 991, 992, 993, 994, 995, 960, 925, 926, 891, 856, 857, 856, 821, 786, 751, 716, 717, 682, 683, 684, 649, 650, 615, 616, 581, 582, 547, 548, 549, 514, 515, 480, 445, 410, 411, 412, 377, 378, 343, 344, 309, 274, 239, 238, 203, 168, 133, 98, 63, 28]
[580, 579, 614, 613, 648, 647, 646, 611, 610, 609, 608, 573, 572]
[645, 680, 645, 644, 643, 608, 609, 574]
[777, 812, 777, 776, 741]
[678, 677, 712, 711, 746, 745, 780, 779, 814, 813, 848, 847]
[58, 23, 24]
[815, 850, 849, 884, 885, 884]
[744, 709, 708, 707, 706, 707, 672, 671, 636, 601, 602, 567, 568, 569, 534, 499, 500, 465, 466, 431, 432, 397, 398, 363, 364, 329, 330, 295, 296, 261, 262, 227, 228, 193, 194, 159, 160, 125, 126, 91, 92, 57, 58, 23]
[475, 474, 509, 508, 543, 578, 577]
[805, 804, 803, 802, 801, 800, 799, 798, 797, 762, 761, 760, 759, 758, 757, 756, 755, 720, 719, 718, 683, 682, 717, 716, 715, 750, 749, 784, 783, 818, 817, 852, 851, 886, 885, 884, 849, 848, 847, 812, 847, 848]
[805, 804, 803, 802, 801, 800, 799, 798, 797, 762, 761, 760, 759, 758, 757, 756, 755, 720, 719, 718, 683, 682, 717, 716, 715, 750, 749, 784, 783, 818, 817, 852, 851, 886, 885, 884, 849, 848, 847, 846, 845, 810]
[576, 577, 542, 543, 508, 509, 474, 475]
[408, 407, 442, 441, 476, 475, 510, 509, 508, 507, 542, 541, 576, 541, 576, 541, 540, 539]
[680, 681, 646, 647, 612]
[675, 640, 641, 606, 607, 572, 573, 538, 539, 538, 539, 504, 505, 506, 541, 542, 543, 544]
[848, 849, 884, 885, 886, 887, 888, 889, 890, 855]
[560, 525, 524, 523, 522, 487, 486, 451, 450, 415, 414, 415, 380, 381, 346, 347, 312, 311, 310, 275, 274, 309, 344, 343, 342, 377, 412, 411, 410, 445]
[741, 742, 743, 744, 745, 710, 711, 676, 677, 642, 643, 608, 609, 574, 575, 610]
[608, 607, 642, 641, 676, 675, 710, 709, 744, 743, 778, 777, 812, 847, 848, 847, 848, 847]
[711, 746, 745, 710]
[640, 641, 642, 643, 678, 679, 680, 681, 682, 683, 648, 649, 650, 615, 616, 581, 582, 547, 548, 549, 514, 515, 480, 445, 410, 445, 480, 479]
[646, 645, 646, 647, 612, 613, 578, 579]
[442, 477, 478, 479]
[609, 574, 575, 576, 577, 578, 613, 614, 615, 616, 617, 652, 653, 654, 655, 655, 690, 655, 655, 656, 621, 622, 587, 588, 589, 554, 555, 556]
[782, 783, 748, 749, 714, 715, 680, 681, 646, 647, 612, 613, 578, 579, 544, 545, 510, 511, 476]
[513, 512, 511, 510]
[642, 641, 676, 675, 710, 709, 744, 743, 778, 777, 776]
[777, 812, 777, 776, 775, 810, 775, 740, 705, 706, 671, 670, 635, 636, 601, 602, 567, 568, 569, 534, 499, 500, 465, 466, 431, 432, 397, 398, 363, 364, 329, 330, 295, 296, 261, 262, 227, 228, 193, 194, 159, 160, 160, 159, 160, 160, 125, 126, 91, 92, 93, 94, 95]
[523, 522, 523, 522, 523, 524, 559, 560, 805, 804, 803, 802, 801, 766, 767]
[477, 512, 511, 546]
[888, 887, 886, 921, 920, 955, 990, 989]
[401, 436, 435, 470, 469, 468, 503]
[954, 953, 952, 917, 916, 915, 950]
[538, 573, 538, 537, 536]
[983, 1018, 1053, 1054, 1055, 1020, 1021, 1022, 1023, 988, 989, 990, 991, 992, 993, 994, 995, 960, 925, 926, 891, 856, 857, 856, 821, 786, 751, 716, 717, 682, 683, 684, 649, 650, 615, 616, 615, 580, 581, 580]
[805, 804, 803, 802, 801, 836, 835, 870, 869, 868, 903, 902, 901, 900, 935, 934, 933, 968, 1003, 1038]
[679, 680, 645, 646, 611]
[578, 579, 544, 545, 510, 511, 476]
[441, 406, 407, 372, 373, 338, 339, 304, 305, 304, 269, 268, 267, 266]
[433, 434, 399, 400, 365, 366, 331, 332, 297, 298, 263, 264, 263]
[610, 611, 612, 577, 542]
[576, 575, 574]
[607, 606, 605, 604, 569, 570, 569]
[815, 850, 849, 848, 847, 846, 845, 810, 775, 740, 705]
[1020, 1021, 986, 985, 984, 985, 950, 951, 916, 881, 882, 847, 812]
[983, 1018, 1053, 1088, 1089, 1124, 1125, 1160, 1161, 1196, 1197, 1198, 1163, 1128, 1129, 1130, 1165, 1166, 1167, 1168, 1169, 1204, 1205]
[263, 298, 297, 332, 331, 366, 365]
[408, 409, 410, 411, 412, 377, 378, 343, 344, 309, 274, 275, 310, 311, 312, 347, 346, 381, 380, 379, 414, 449, 450, 451, 486, 487, 522, 523, 524, 559, 560]
[731, 732, 767, 766, 801, 836, 835, 870, 869, 868, 903, 902, 901, 900, 935, 934, 933, 968, 967, 966, 1001, 1036, 1035, 1070, 1105, 1106, 1141, 1176, 1211]
[574, 575, 576, 577, 578, 579]
[922, 921, 920, 955, 990, 989, 988, 987, 1022, 1021]
[442, 441, 476, 475, 510, 509, 544, 543, 578, 579]
[573, 608, 607, 642, 641, 676, 675, 710, 711]
[781, 816, 815, 850, 849, 814]
[331, 366, 331, 332, 333, 334, 369, 334, 369, 370, 371, 372, 407, 408, 409, 410, 445, 480, 515, 514, 549, 548, 547, 582, 581, 616, 615, 650, 649, 648, 683, 682, 717, 716, 751, 786, 785, 786, 821, 856, 891, 926, 925, 960, 959, 994, 993, 992, 991, 990, 989, 988, 988, 987, 988, 988, 1023, 1024, 1025, 1060, 1061, 1060, 1095, 1094, 1129]
[331, 330, 295, 296, 261, 262, 227, 228, 193, 194, 159, 160, 125, 126, 91, 92, 57, 58, 23]
[680, 679, 680, 645, 646, 611, 612, 577, 612]
[778, 813, 814, 815, 816, 851, 850, 885, 920, 919, 920, 921]
[514, 549, 548, 547, 582, 581, 580, 545, 544]
[645, 680, 679, 678, 643, 642, 641, 640, 605, 604, 569, 568, 569, 534, 499, 500, 465, 466, 431, 432, 397, 398, 363, 364, 329, 330, 295, 296, 261, 262, 227, 228, 193, 194, 159, 160, 125, 126, 161, 126, 127]
[715, 714, 715]
[535, 536, 501, 502, 467, 468, 467]
[716, 715, 716, 715, 750, 749, 784]
[577, 578, 579, 614, 615, 616, 617, 652, 653, 654, 655, 690, 691, 692, 727, 728, 729, 730, 731, 732, 733, 734, 735]
[641, 606, 607, 572, 573, 538, 539, 538, 539, 504, 505, 506, 541, 542, 543, 544, 545]
[815, 814, 813, 778, 813, 812, 811, 846, 845, 844, 879, 914, 949, 948, 983, 1018]
[407, 406, 441, 440, 475, 474, 509, 508, 543]
[479, 480, 479, 514, 549, 548, 547, 582, 581, 616, 615, 650, 649, 648, 683, 682, 717, 716, 751, 786, 785, 750, 749, 784, 783, 782, 781, 780]
[614, 615, 580, 581, 546, 547, 512, 513, 478, 479, 444, 445, 410, 411, 376, 375]
[406, 407, 442, 441, 476, 475, 510, 509, 544, 543, 578, 577]
[577, 578, 579, 544, 545, 510, 511, 476, 511, 512, 513, 478, 479, 480]
[985, 986, 951, 986, 987, 988, 989, 990, 991, 992, 993, 994, 995, 960, 925, 926, 891, 856, 857, 856, 821, 786, 751, 716, 717, 682, 683, 684, 649, 650, 615, 616, 615, 580, 581, 546, 547, 512, 513]
[364, 399, 398, 433, 432, 431, 466]
[365, 366, 367, 402, 401, 436, 435, 470, 469, 504, 503, 538, 537, 572, 571, 606, 605, 606]
[479, 514, 513, 512, 511, 510]
[678, 679, 680, 679, 714, 715, 716, 751, 786, 785, 786, 821]
[888, 889, 854, 855]
[510, 511, 510, 509, 544, 543, 578]
[849, 848, 847, 812, 813, 778, 779, 744]
[577, 578, 543, 544, 545, 510, 545, 546, 547]
[445, 480, 479, 478, 477, 442, 441, 440, 439, 404, 403, 402]
[576, 577, 542, 543, 508, 509, 474, 475, 440]
[475, 476, 475, 510, 509, 544]
[612, 613, 648, 647]
[776, 775, 740, 741, 706, 707, 672, 637, 638, 603, 604, 569]
[608, 607, 642, 643, 644, 645, 680, 681, 682, 717, 716, 751, 786, 785, 786, 821, 856, 891, 926, 925, 960, 959, 994, 993, 992, 991, 990, 989, 988, 1023, 1022, 1021, 1020, 1055, 1054, 1053, 1018, 983]
[646, 645, 680, 679, 680, 715, 716, 717, 682, 683, 718, 719, 720, 755, 756, 757, 757, 757, 722]
[875, 840, 839, 838, 837, 802, 801, 800, 799, 798, 797, 762, 761, 760, 759, 758, 757, 756, 755, 720, 719, 718, 683, 682, 717, 716, 715, 680, 679, 678, 677, 642, 643, 608]
[365, 400, 401, 402, 403, 404, 439, 440, 441, 442, 477, 478, 479, 444, 445]
[747, 782, 781, 816, 815, 850, 849, 848]
[675, 676, 677, 712, 713, 748]
[547, 548, 547, 582, 581, 616, 615, 650, 649, 648, 683, 682, 717, 716, 751, 786, 785, 750, 749, 784, 783, 818, 817, 852, 851, 850]
[645, 644, 643, 642, 607, 606, 605, 604, 569, 568]
[611, 646, 645, 680, 679, 714, 713, 712, 711, 746]
[850, 815, 850, 849, 884, 883, 882]
[513, 548, 547]
[331, 332, 333, 334, 369, 334, 369, 370, 371, 406, 441, 442, 443, 444]
[679, 678, 677, 642, 643, 608]
[706, 741, 742, 741, 776, 777]
[821, 856, 855, 820, 819, 818, 817, 816, 781]
[846, 845, 810, 775, 740, 741, 706, 707, 672]
[748, 749, 714, 749, 750, 751, 716, 717, 682, 683, 648, 649, 614, 615, 580, 581, 546, 547, 512]
[229, 194, 195, 160, 161, 160, 125, 126, 91, 92, 57, 58, 23]
[820, 821, 856, 891, 926, 925, 960, 959, 994, 993, 992, 991, 990, 989, 988, 1023, 1022, 1021, 1020, 1055, 1054, 1053, 1018, 983, 984, 949]
[1131, 1096, 1061, 1062, 1063, 1098, 1099, 1100, 1101, 1102, 1103, 1104, 1069, 1070, 1035, 1036, 1001, 1002, 967, 968, 933, 934, 935, 900, 901, 902, 903, 868, 869, 870, 835, 836, 801, 802, 803, 804, 805]
[1204, 1205, 1204, 1169, 1168, 1167, 1166, 1131]
[612, 611, 646, 645, 680, 679, 714, 713, 748, 747, 782, 781, 782, 781]
[950, 949, 914, 879, 844, 845, 810, 775, 740, 705, 706, 671, 670, 635, 636, 671]
[408, 407, 442, 441, 476, 475, 476, 511, 512, 511, 546, 545, 580, 545]
[579, 544, 545, 510, 511, 476, 477, 442, 443, 408, 407]
[435, 470, 469, 504, 505, 504, 505, 506, 541, 542, 543, 578, 577, 612, 611, 646, 645, 680, 679]
[881, 882, 883, 918, 919, 884, 919, 920, 921, 922, 923, 924, 959, 960, 961, 962, 963, 998, 999, 1000, 1001, 1002, 967, 968, 933, 934, 935, 900, 901, 902, 903, 868, 869, 870, 835, 836, 837, 838, 839, 840, 875]
[708, 709, 710, 745, 746, 747, 748, 713, 714, 679, 680, 645, 646, 611, 612, 577, 578, 543, 542]
[610, 611, 612, 613, 578, 579, 544, 545, 510, 511, 476, 477, 442, 443, 442]
[983, 1018, 1053, 1054, 1055, 1020, 1021, 1022, 1023, 988, 989, 990, 991, 992, 993, 994, 995, 960, 925, 926, 891, 856, 857, 856, 821, 786, 751, 716, 717, 682, 683, 682, 683, 682, 647, 646, 645, 644, 643]
[676, 677, 642, 643]
[545, 510, 511, 476, 477, 478]
[955, 920, 921, 886, 885, 850, 851, 816, 817, 782, 781]
[679, 680, 681, 682, 683, 648, 649]
[331, 332, 333, 334, 335, 300, 301, 266, 301, 302]
[576, 577, 578, 543]
[573, 608, 609, 574, 573, 572, 573]
[508, 509, 474, 473, 438, 437, 436, 471]
[816, 815, 850, 849, 884, 883, 882, 881, 916, 915, 880]
[999, 964, 965, 930, 931, 896]
[882, 881, 880, 845, 810, 775, 740, 741, 706, 707, 672]
[441, 476, 475, 510, 509, 474, 473]
[783, 748, 749, 714]
[742, 743, 778, 779, 780, 781, 816]
[332, 367, 402, 401, 436, 435, 470, 469, 504, 505, 504]
[605, 604, 569, 568, 567, 602, 601, 636, 635, 670, 705, 740]
[886, 887, 888, 889, 924, 925, 926, 891, 856, 857, 856, 821, 786, 751, 716, 717, 682, 683, 684, 649, 650, 615, 616, 581, 582, 547, 548, 549, 514, 515, 480, 445, 410, 411, 376, 377, 342, 343, 308, 307]
[813, 778, 779, 744, 745, 746, 747, 748, 713, 714, 679, 680, 645]
[1204, 1205, 1204, 1169, 1134, 1133, 1098, 1099, 1100, 1101, 1102, 1103, 1104, 1069, 1070, 1035, 1036, 1001, 1002, 967, 968, 933, 934, 935, 900, 901, 902, 903, 868, 869, 870, 835, 836, 801, 802, 803, 804, 805, 560, 525, 524, 523, 522, 487, 486, 451, 450, 415, 414, 415, 380, 381, 346, 347, 312, 313, 278, 279, 280, 245]
[984, 949, 914, 879, 844, 845, 880, 881, 882, 917, 882, 883, 918, 919]
[1169, 1134, 1133, 1098]
[782, 783, 784, 785, 820, 821, 856, 891, 926, 925, 960, 959, 958, 959]
[645, 680, 679, 678, 643, 642, 643, 608, 609, 574, 575, 540, 539, 538, 539, 504, 505, 470, 469]
[811, 776, 777, 742]
[232, 233, 198, 233, 234, 235, 236, 237, 272, 273, 274, 275, 310, 311, 312, 347, 346, 381, 380, 379, 414, 449, 450, 451, 486, 487, 522, 523, 524, 559, 560, 805, 804, 803, 802, 801, 836, 835, 870, 869, 868, 903, 902, 901, 900, 935, 934, 933, 968, 967, 966, 1001, 1036, 1035, 1070, 1071, 1072, 1073, 1074, 1109, 1144]
[919, 884, 885, 884, 849, 848, 847, 848]
[511, 510, 511, 476, 475, 474, 473, 438, 437, 402, 401, 400, 399]
[368, 403, 402, 403, 404, 439, 440, 439, 474, 473, 508, 507, 542, 541, 576, 575, 610, 609]
[671, 672, 707, 708, 709, 744, 745, 780, 781]
[469, 504, 503, 538, 537, 538, 539, 574, 573, 608]
[513, 548, 547, 546, 545, 510, 509, 508, 507, 542, 541, 506, 505, 504, 503, 538]
[1054, 1019, 1020, 1021, 1022, 987, 988, 989, 990, 991, 992, 993, 994, 995, 960, 925, 926, 891, 856, 857, 856, 821, 786, 751, 716, 717, 682, 683, 684, 649, 650, 615, 616, 581, 582, 547, 548, 549, 514, 515, 480, 445, 410, 409, 444, 443, 478, 477]
[647, 682, 681, 716, 715, 714, 679, 678]
[577, 612, 611, 646, 645, 680, 679, 714, 713, 748, 747, 782, 747]
[466, 467, 468, 503, 504, 505, 506, 541, 542, 541]
[577, 578, 579, 614, 615, 616, 581, 616, 615, 650, 649, 648, 683, 682, 717, 716, 751, 786, 785, 786, 821, 856, 891, 926, 925, 960, 959, 994, 993, 992, 991, 990, 989, 988, 1023, 1022, 1021, 1020, 1055, 1054, 1053, 1018, 983, 984, 949, 914, 879, 880]
[677, 676, 677, 642, 643, 608, 609, 574, 575]
[442, 477, 478, 477, 512, 513, 514, 549, 548, 547, 582, 581, 616, 615, 650, 649, 648, 683, 682, 717, 716, 751, 786, 785, 750, 749, 784, 783, 782, 781, 746]
[683, 682, 717, 716, 751, 786, 785, 786, 821, 856, 891, 926, 925, 960, 959, 994, 993, 992, 991, 990, 989, 988, 988, 987, 988, 988, 1023, 1024, 1025, 1060, 1061, 1096, 1131, 1166, 1167, 1168, 1169, 1204, 1205]
[682, 683, 648, 647, 646, 645, 610, 609, 608, 609]
[401, 436, 437, 438, 473, 474, 475, 510, 511]
[544, 543, 578, 577, 612]
[298, 299, 300, 335, 334, 369, 334, 369, 370, 371, 406, 407]
[539, 574, 573, 608, 607, 642, 641, 676, 675, 710, 709, 744, 743, 778, 777, 812, 811, 846, 847]
[444, 443, 444, 445, 480, 515, 514, 549, 548, 547, 582, 581, 616, 615, 650, 649, 648, 683, 682, 717, 716, 751, 786, 785, 750, 749, 784]
[374, 373, 408, 407, 442, 441, 476, 475, 476, 511, 512, 511, 546, 545, 580, 579]
[577, 542, 543, 508, 509, 474]
[855, 854, 819, 818, 817, 816, 781, 780, 779, 778, 777]
[923, 888, 887, 886, 885, 884, 849, 848, 847, 812, 813, 812]
[648, 647, 682, 681, 716, 715, 750, 749, 784, 783, 782, 781, 746, 745, 744, 743]
[681, 716, 717, 682, 683, 718, 719, 720, 755, 756, 757, 758, 759, 760, 761, 796, 797, 798, 799, 800, 801, 802, 802, 837, 836, 801, 802, 802, 803, 804, 805]
[574, 573, 608, 607, 642, 641, 676, 675]
[612, 613, 648, 647, 682, 681, 716, 715, 750, 749]
[539, 574, 575, 576, 577, 612]
[441, 406, 407, 372, 407]
[745, 710, 745, 746, 747, 748, 783, 784, 785, 786, 751, 716, 717, 682, 683, 684, 649, 650, 615, 616, 615, 580, 581, 546, 547, 512, 513]
[850, 815, 816, 817, 782, 783, 748, 749, 714, 715, 680, 681, 646, 647, 612, 613, 578, 579, 544, 545, 510, 511, 476, 475]
[613, 648, 647, 682, 681, 716, 715, 750, 749, 714, 713, 748]
[641, 640, 639, 674, 673, 708, 707, 742, 743, 708, 707]
[784, 785, 750, 751, 716, 717, 682, 683, 648, 649, 614, 613, 612, 611, 576, 575]
[400, 399, 434, 433, 468, 503, 538, 573]
[951, 950, 915, 950]
[575, 540, 539, 538, 503, 468, 433, 434, 399, 400, 365]
[676, 677, 642, 643, 608, 609, 608]
[571, 570, 535, 534, 499, 500, 465, 466, 431, 432, 397, 398, 399, 364, 365, 364]
[781, 816, 817, 818, 819, 820, 855, 856, 821, 856, 891, 926, 925, 960, 959, 994, 993, 992, 991, 990, 989, 988, 988, 987, 988, 988, 1023, 1024, 1025, 1060, 1061, 1060]
[509, 510, 475, 476, 441]
[882, 881, 882, 847, 846, 845, 810, 775, 740, 705, 706, 671, 670, 635, 636, 601, 602, 567, 568, 569, 534, 499, 500, 465, 466, 431, 432, 397, 398, 363, 364, 329, 330, 295, 330, 331, 332, 297, 298, 263, 264]
[338, 339, 304, 305, 270, 271, 236, 235, 234, 233, 198, 197]
[782, 747, 782, 783, 748, 749, 714, 715, 716, 717, 682, 683, 718, 719, 720, 755, 756, 757, 758, 759, 760, 761, 796, 797, 798, 799, 800, 801, 802, 802, 837, 836, 801, 802, 802, 803, 804, 805]
[512, 513, 514, 549, 548, 547, 582, 581, 616, 615, 650, 649, 648, 683, 682, 717, 716, 681, 680, 679, 678, 643, 642]
[746, 747, 748, 749]
[950, 949, 948, 983, 982, 983]
[681, 680, 645, 644, 643, 642, 607, 606]
[846, 847, 848, 849, 884, 885, 886, 887, 888, 889, 924, 925, 960, 959]
[677, 642, 643, 678, 679, 680, 679, 714]
[237, 238, 273, 274, 273]
[643, 642, 607, 642, 643, 644, 645, 680, 681, 682, 717, 716, 751, 786, 785, 786, 821, 856, 891, 926, 925, 960, 959, 994, 993, 992, 991, 990, 989, 988, 1023, 1022, 1021, 1020, 1055, 1054, 1053, 1018, 983, 984, 949]
[813, 778, 779, 744, 745, 710, 711, 676, 677, 642, 643, 608, 609, 574, 575, 540, 541, 576, 577, 542, 543, 508, 509, 474, 475, 440, 441, 406]
[572, 607, 608, 609, 574, 575, 540, 541, 576, 577, 542, 543]
[710, 709, 708, 707, 672, 671, 636, 601, 602, 567, 568, 569, 534, 499, 500, 465, 466, 431, 432, 397, 398, 363, 364, 329, 330, 295, 330, 331, 332, 297, 298]
[680, 679, 714, 715, 716, 751, 786, 785, 786, 821, 856, 891, 926, 925, 960, 959, 994, 993, 992, 991, 990, 989, 988, 1023, 1022, 1021, 1020, 1055, 1054, 1053, 1018, 983, 984]
[546, 545, 510, 509, 544]
[745, 744, 709, 708, 707, 706, 707, 672, 637, 638, 603, 604, 605]
[578, 577, 576, 541, 576, 541, 540, 539, 538]
[444, 445, 480, 515, 514, 549, 548, 547, 582, 581, 616, 615, 650, 649, 648, 683, 682, 717, 716, 681, 680, 679, 678, 643, 642]
[742, 743, 744, 745, 710, 745, 746, 747, 748, 783, 784, 785, 786, 751, 716, 717, 682, 683, 684, 649, 650, 615, 616, 581, 582, 547, 548, 549, 514, 515, 480, 445, 410, 445, 444]
[605, 606, 641, 642, 641, 676, 677, 678, 679, 680, 715, 716, 717, 716, 751, 786, 785, 786, 821, 856, 891, 926, 925, 960, 959, 994, 993, 992, 991, 990, 989, 988, 988, 987, 988, 988, 1023, 1024, 1025, 1060, 1061, 1096, 1131, 1096]
[434, 433, 432, 397, 398, 363, 364, 329, 330, 295, 296, 261, 262, 227, 228, 193, 194, 159, 160, 161, 196, 197, 198, 233, 234]
[200, 235, 234, 269, 268, 269, 304, 303, 338, 337, 372, 371, 406, 405, 440, 439, 474, 473, 508, 507, 542, 541, 576]
[1225, 1190, 1189, 1188, 1153, 1152, 1151, 1150, 1115, 1114, 1113, 1112]
[407, 406, 441, 440, 475, 474, 509, 508, 543, 578, 577]
[298, 297, 332, 331, 366, 365, 400, 399, 400]
[606, 605, 570, 569, 568, 569, 534, 499, 500, 465, 466, 431, 432, 397, 398, 363, 364, 329, 330, 295, 296, 261, 262, 227, 228, 193, 194, 159, 160, 125, 126, 91, 92, 57, 58, 23, 28, 63, 98, 133, 168, 167, 132, 133, 133, 133, 133]
[888, 887, 886, 851, 850, 851, 816, 817, 782, 783, 748, 747, 746, 745, 710, 709, 708, 709, 674]
[372, 371, 370, 369, 334, 333, 332, 367, 402, 401, 436]
[776, 777, 742, 743, 708, 709, 710]
[745, 746, 747, 782, 781, 816, 815, 850, 849, 884, 883]
[854, 853, 852, 851, 816, 817, 782, 783, 782, 747]
[579, 544, 545, 510, 511, 476, 511, 512, 513, 478, 479]
[745, 744, 745, 710, 711, 676, 677, 642, 643, 608, 609, 574, 575, 540, 539, 538, 539]
[966, 967, 966, 1001, 1036, 1035, 1070, 1069, 1104, 1103, 1102, 1101, 1100, 1099, 1099, 1099, 1098, 1097, 1096, 1061, 1060, 1025, 1024, 1023, 988, 987, 952, 951, 950, 915, 914]
[887, 852, 853, 818, 819, 784, 785, 786, 751, 716, 717, 682, 683, 684, 649, 650, 615, 616, 615, 580, 581, 546, 547, 512, 513, 514]
[745, 744, 743, 778, 777, 812, 811]
[67, 102, 101, 136, 135, 134, 133, 132, 131, 166, 165, 200]
[922, 887, 888, 853, 854, 819]
[568, 567, 602, 601, 636, 635, 670, 705, 706, 707, 742, 743]
[579, 544, 545, 510, 511]
[573, 608, 609, 610, 645, 646, 645, 680, 679, 714, 713, 748, 747]
[950, 949, 914, 879, 844, 845, 846, 847]
[816, 781, 780, 779, 744, 745, 744, 743, 708, 707, 706, 707, 672, 637, 638, 603, 604, 569, 570, 535, 536, 501, 502, 467, 468, 503, 504]
[539, 540, 541, 576, 575, 610]
[645, 644, 609, 608, 609, 574, 575, 574, 539]
[883, 884, 849, 850, 815, 816, 817, 782, 783, 748, 749, 714, 715, 680]
[713, 748, 747, 782, 781, 816, 815, 850, 849, 884, 883, 882, 881]
[850, 849, 848, 847, 846, 845, 810, 775, 740, 705, 706, 671, 670, 635, 636, 601, 602, 567, 568, 569, 534, 499, 500, 501, 502, 537, 538]
[706, 707, 672, 637, 638, 603, 604, 639, 640, 641, 642, 643, 608, 609, 574]
[510, 509, 508]
[478, 477, 512, 511, 476, 475, 474, 473, 438, 437, 436, 401, 436, 435, 470, 469, 504, 503, 538, 537, 572, 571, 606, 605, 606]
[746, 747, 748, 749, 714, 715, 680, 681, 646, 647, 612, 613]
[575, 576, 577, 612, 611, 646, 645, 680, 679, 714, 713, 748, 747, 782, 781, 816, 815, 850, 849, 884, 883]
[673, 708, 707, 706, 705, 740, 775, 810, 845, 844, 879, 914, 949, 948, 983, 1018, 1053, 1054, 1055, 1020, 1021, 1022, 1023, 988, 987, 988, 1023, 1024, 1025, 1060, 1061, 1060, 1095]
[264, 229, 228, 229]
[805, 804, 803, 802, 801, 836, 835, 870, 869, 868, 903, 902, 901, 900, 935, 934, 933, 968, 967, 966, 1001, 1036, 1035, 1070, 1069, 1104, 1103, 1102, 1101, 1100, 1099, 1099, 1099, 1098, 1097, 1062, 1061, 1026, 991, 990, 955, 954, 919, 918, 917, 916]
[1132, 1131, 1166, 1165, 1200, 1199]
[781, 816, 817, 818, 819, 820, 855, 856, 821, 856, 891, 926, 925, 960, 959]
[647, 646, 611, 612, 577, 578, 579, 544, 545, 510]
[850, 815, 816, 817, 782, 783, 748, 749, 714, 713, 712]
[610, 611, 612, 577, 578, 543, 544, 509, 510, 475]
[612, 613, 648, 647, 682, 681, 682, 717, 716, 751, 786, 785, 750]
[23, 58, 57, 92, 91, 126, 125, 160, 159, 194, 193, 228, 227, 262, 261, 296, 295, 330, 329, 364, 363, 398, 397, 432, 431, 466, 465, 500, 499, 534, 533, 568, 567, 602, 601, 636, 635, 670, 705, 706, 741, 742]
[367, 402, 401, 402, 403, 404, 439, 440, 439, 440]
[364, 365, 400, 399, 398, 397, 432, 431, 466, 465, 500, 535, 536, 537, 538]
[950, 951, 916, 881, 882, 847, 812, 813, 778, 779, 744, 745, 710, 711, 676, 677]
[475, 440, 441, 406, 407, 372, 371, 370, 369, 334, 335, 300, 301, 300, 265]
[1209, 1208]
[712, 713, 678, 679, 680, 715, 716, 717, 682, 683, 718, 719, 720, 755, 756, 757, 758, 759, 760, 761, 796, 797, 798, 799, 800, 801, 802, 837, 838, 839, 840, 875, 1085, 1084, 1119, 1120, 1119]
[676, 677, 676, 675, 640, 639, 638, 637, 636, 671]
[646, 645, 680, 679, 678, 677, 642, 641]
[614, 615, 580, 581, 546, 547, 512, 511, 476, 475, 474, 473, 438, 437, 402, 403, 368, 367]
[949, 948, 983, 1018]
[477, 512, 513, 514, 549, 548, 547, 582, 581, 616, 615, 650, 649, 648, 683, 682, 717, 716, 715, 714, 713, 712, 677, 676, 675]
[574, 575, 574, 573, 608, 607, 642, 641, 676, 675]
[574, 575, 576, 611, 612, 613, 648, 647, 682, 681, 682, 717, 716, 751, 786, 785, 786, 821, 856, 891, 926, 925, 960, 959, 994, 993, 992, 991, 990, 989, 988, 988, 987, 988, 988, 1023, 1024, 1025, 1060, 1061, 1096, 1131, 1166, 1167, 1168, 1169, 1204, 1205]
[715, 714, 713, 678, 679]
[643, 608, 609, 644, 645, 646, 647, 682, 683, 648, 649, 650, 615, 616, 615, 616, 581]
[604, 569, 568, 603, 602, 637, 636, 671, 672, 673, 708, 707, 708, 709, 710, 745, 746, 747, 748, 783, 784, 783, 818, 817]
[401, 436, 437, 438, 473, 474, 473, 508, 509, 510]
[776, 777, 742, 743, 708, 709, 710, 745, 746, 747, 748, 749, 714, 715, 680]
[576, 541, 540, 539, 538, 537, 536, 501, 500, 535, 534, 569, 568, 603, 602, 637]
[610, 611, 612, 577, 578]
[849, 850, 885, 884, 849, 848, 847, 846, 845, 810, 775, 740, 705, 706, 671, 670, 635, 636, 637]
[577, 542, 543, 508, 509, 474, 475]
[578, 579, 544, 545, 510, 511, 476, 477, 442, 477, 478, 477]
[875, 840, 839, 838, 837, 802, 801, 800, 799, 798, 797, 762, 761, 760, 759, 758, 757, 756, 755, 720, 719, 718, 683, 682, 717, 716, 715, 714, 713, 748, 747, 746, 745]
[573, 608, 607, 606]
[512, 511, 476, 477, 442, 443, 442]
[641, 676, 675, 676, 677, 712, 713, 714, 679, 680, 645, 646]
[850, 885, 886, 887, 888, 889, 924, 925, 926, 891, 856, 857, 856, 821, 786, 751, 716, 717, 682, 683, 684, 649, 650, 615, 616, 615, 580, 579, 578, 579, 544, 543, 542, 541, 506, 505, 504, 505, 470]
[672, 707, 708, 709, 710, 745, 746, 747, 748, 783, 784, 783, 818, 817, 818]
[610, 609, 574, 575, 610, 611, 612, 613, 648, 647, 682, 681, 716, 715, 750, 749, 784, 783, 784, 819]
[602, 567, 566, 565, 564, 529, 528, 527, 526, 526, 526, 561, 526, 526, 526, 526, 526, 526, 561, 561, 561, 526, 526, 526, 527, 528, 563, 564, 565, 566, 567, 602, 603, 604, 605, 604, 569, 570, 535, 536, 501, 502, 467, 468, 503, 504, 505, 506, 541, 542, 543, 508, 509, 474, 475, 476]
[813, 814, 849, 850, 851, 816, 817, 782, 783, 748, 749]
[578, 579, 614, 615, 580, 581, 546, 581]
[365, 366, 331, 332, 297, 298, 263, 264]
[441, 440, 475, 474]
[950, 915, 914, 879, 844, 845, 810, 775, 740, 741, 706, 707, 672, 707]
[781, 816, 815, 850, 849, 884, 885, 920, 921, 922, 923, 924, 959, 960, 961, 962, 963, 998, 999, 1000, 1001, 1002, 1037, 1038, 1039, 1074, 1075, 1076, 1077, 1112, 1077, 1078, 1113, 1114, 1115, 1150, 1151, 1152, 1153, 1188, 1189, 1188]
[612, 613, 578, 577, 576, 575, 540, 539, 538]
[333, 332, 367, 402, 401, 436, 435, 470, 469, 468, 503, 538]
[745, 780, 745, 744, 745, 710, 711, 676]
[502, 503, 538, 537, 538, 539, 574, 575, 576, 577, 612, 613]
[476, 475, 510, 509, 508, 507, 542, 541, 576, 541, 576, 541, 540, 539, 574, 573, 608, 607, 642]
[850, 815, 816, 781, 782, 747, 748, 713, 714, 679, 678]
[511, 476, 477, 442, 443, 408, 409, 410, 411, 412, 377, 378, 343, 344, 309, 274, 275, 310, 311, 312, 347, 346, 381, 380, 379, 414, 449, 450, 451, 486, 487, 522, 523, 524, 559, 560]
[917, 882, 881, 880, 845]
[644, 645, 644, 609, 608, 609, 574, 575, 540, 539, 538, 539, 504, 505, 470, 471, 436, 435, 434]
[645, 680, 679, 714, 713, 748, 747, 746, 745, 710, 709]
[744, 743, 778, 777, 812, 811, 810]
[641, 606, 607, 572, 573, 538, 539, 538, 539, 504, 505, 470, 471, 436, 437, 402, 403, 404, 439]
[405, 440, 439, 474, 473, 508, 507, 542, 541, 576]
[560, 525, 524, 523, 522, 487, 486, 451, 450, 415, 414, 415, 380, 381, 346, 347, 312, 311, 310, 275, 274, 309, 344, 343, 342, 377, 412, 411, 410, 409, 408, 373, 372, 371, 370, 369, 334, 333, 332, 367, 402, 401, 400]
[781, 782, 783, 748, 783, 784, 785, 786, 751, 716, 717, 682, 683, 684, 649, 650, 615, 616, 581, 582, 547, 548, 549, 514, 515, 480, 445, 410, 445, 480, 479, 444]
[818, 819, 784, 785, 786, 751, 716, 717, 682, 683, 684, 649, 650, 615, 616, 615, 580, 581, 546, 547, 512]
[611, 612, 611, 576, 575, 574, 573, 608, 607, 642, 641, 676]
[682, 681, 716, 715, 714, 713, 712]
[536, 501, 500, 465, 466, 431, 432, 397, 398, 363, 364, 329, 330, 295, 296, 261, 262, 227, 228, 193, 194, 159, 160, 125, 126, 127, 162, 127, 128]
[875, 840, 839, 838, 837, 802, 801, 800, 799, 798, 797, 762, 761, 760, 759, 758, 757, 756, 755, 720, 719, 718, 683, 682, 717, 716, 715, 680, 681, 646, 647, 646, 611]
[882, 883, 848, 849, 884, 849, 850]
[196, 231, 230, 265, 264, 299, 298]
[709, 708, 707, 672]
[710, 711, 676, 677, 642, 643, 608, 609, 608, 573, 572]
[613, 612, 611, 610, 575, 574, 573]
[875, 840, 839, 838, 837, 802, 801, 800, 799, 798, 797, 762, 761, 760, 759, 758, 757, 756, 755, 720, 719, 718, 683, 682, 717, 716, 715, 680, 679, 678, 677, 642, 643, 608, 609, 574, 575, 574, 573, 538]
[675, 640, 641, 606, 607, 572, 573, 572, 537, 536]
[812, 847, 848, 847, 848, 849, 884, 885, 920, 921, 922, 923, 924, 959, 960, 961, 962, 963, 998, 999, 1000, 1001, 1002, 1037, 1038, 1039, 1040, 1005]
[441, 476, 475, 476, 511, 512, 513, 514, 549, 548, 547, 582, 581, 616, 615, 650, 649, 648, 683, 682, 717, 716, 751, 786, 785, 750, 749, 748, 749, 748, 713, 712, 711]
[805, 804, 803, 802, 801, 800, 799, 798, 797, 762, 761, 760, 759, 758, 757, 756, 755, 720, 719, 718, 683, 682, 717, 716, 715, 714, 679, 678, 677]
[647, 682, 681, 716, 715, 750, 749, 784, 783, 782, 781, 746, 745, 744, 743, 708, 707, 706]
[805, 804, 803, 802, 801, 800, 799, 798, 797, 762, 761, 760, 759, 758, 757, 756, 755, 720, 719, 718, 683, 682, 717, 716, 715, 750, 749, 784, 783, 782]
[540, 541, 576, 575, 610, 609, 644]
[433, 432, 467, 468, 503, 504, 505, 506, 541, 542, 541, 576]
[606, 605, 570, 535, 536, 535]
[610, 609, 644, 643, 678, 643, 642, 641, 676, 675]
[950, 949, 948, 983, 1018, 1053, 1054, 1055, 1020, 1021, 1022, 1023, 988, 989, 990, 991, 992, 993, 994, 995, 960, 925, 926, 891, 856, 857, 856, 821, 786, 751, 716, 717, 682, 683, 684, 649, 650, 615, 616, 581, 582, 547, 548, 549, 514, 515, 480, 445, 410, 445, 480, 479]
[573, 538, 539, 538, 539, 504, 505, 470]
[677, 712, 713, 714, 679]
[646, 645, 680, 679, 714, 713, 748]
[467, 468, 503, 538, 537, 502]
[1019, 1054, 1055, 1020, 1021, 1022, 987, 988, 989, 990, 955, 920, 921, 886]
[612, 613, 578, 579, 544]
[884, 849, 850, 815, 816, 817, 782, 783, 748, 783, 784]
[778, 779, 744, 745, 746, 747, 748, 713, 714, 679, 680, 645]
[777, 778, 779, 744, 745, 710, 711, 676, 677, 642, 643, 644]
[567, 602, 601, 602, 637, 602, 603, 604, 639, 640, 641, 642, 643, 678, 679, 680]
[641, 642, 643, 644, 679, 680, 681, 682, 683, 648, 649, 650, 615, 616, 581, 582, 547, 548, 549, 514, 515, 480, 445, 410, 411, 412, 377, 378, 343, 344, 309, 274, 239, 238, 203, 202, 201, 166, 167]
[539, 538, 539, 504, 505, 506, 541, 542, 543, 544]
[514, 479, 480, 479, 478, 477, 442, 441, 440]
[640, 639, 638, 637, 636, 671, 672]
[817, 782, 783, 782, 747]
[614, 615, 614, 615, 580, 581, 546, 547, 512, 513, 512, 477]
[607, 606, 607, 572, 573, 538, 539]
[741, 706, 707, 672, 637, 638, 603, 604, 639, 640, 641, 642, 643, 608, 609, 644, 645]
[511, 546, 547, 512, 511, 476, 477]
[812, 777, 742, 743, 708]
[570, 535, 536, 501, 502, 467, 468, 503, 504, 505, 506, 541, 542, 543, 508, 509, 510, 545]
[610, 609, 574, 575, 540, 539, 538, 539, 504, 505, 470, 471, 436]
[710, 711, 676, 677, 642, 643, 608, 609, 608]
[502, 467, 468, 433, 434, 399, 400, 365, 366, 331, 332, 297, 298, 263, 264, 229]
[681, 716, 715, 716, 751, 786, 785, 786, 821, 856, 891, 926, 925, 960, 959, 994, 993, 992, 991, 990, 989, 988, 988, 987, 988, 988, 1023, 1024, 1025, 1060, 1061, 1096, 1131, 1166, 1167, 1168, 1169, 1204, 1205, 1206]
[576, 575, 574, 539, 538]
[644, 609, 608, 609, 644, 645, 646, 647, 682, 681, 716, 717, 682, 683, 718, 719, 720, 755, 756, 757, 758, 759, 760, 761, 796, 797, 798, 799, 800, 801, 802, 837, 838, 839, 840, 875]
[441, 440, 475, 474, 473, 508, 507, 542, 541, 576, 541, 576, 541, 540, 539, 574, 573, 608, 573, 608, 607]
[610, 611, 612, 647, 648, 649, 614, 615]
[709, 674, 673, 672, 637, 636, 601, 602, 567, 568, 569, 534, 499, 500, 465, 466, 431, 432, 397, 398, 363, 364, 329, 330, 295, 330, 331, 332, 333, 334, 369, 334, 369, 370, 371]
[708, 709, 674, 675]
[642, 641, 676, 675, 710]
[853, 818, 817, 782, 783, 748]
[815, 850, 849, 848, 847, 846, 845, 810, 775, 740, 705, 706, 671, 670, 635, 636, 601, 602, 567, 568, 569, 534, 499, 500, 501, 466, 467, 432, 467, 468]
[1021, 1022, 987, 988, 953, 954, 919, 920, 885, 884, 883]
[510, 509, 544, 543, 578, 577, 612, 611, 646, 645, 680, 645, 644]
[572, 607, 608, 609, 610, 645, 646, 611, 612, 611]
[1020, 1021, 1022, 987, 988, 989, 990, 991, 992, 993, 994, 995, 960, 925, 926, 891, 856, 857, 856, 821, 786, 751, 716, 717, 682, 683, 684, 649, 650, 615, 616, 581, 582, 547, 548, 549, 514, 515, 480, 445, 410, 411, 412, 377, 378, 343, 344, 309, 274, 275, 310, 311, 312, 347, 346, 381, 380, 379, 414, 449, 450, 451, 486, 487, 522, 523, 524, 559, 560]
[576, 576, 577, 612, 611, 576, 576, 577, 542, 543, 508, 509, 474, 475]
[744, 745, 710, 745, 746, 747, 748, 749, 714, 715, 680, 681]
[474, 473, 438, 437, 436, 401, 436, 435, 400, 399]
[676, 675, 676, 677, 712, 713, 714, 679, 680, 645, 646, 611, 612, 611, 646]
[747, 748, 713, 714, 679, 680, 645, 646, 611, 612, 577, 578, 543, 542, 541, 506, 505, 504, 503, 468]
[612, 611, 646, 645, 680, 679, 678]
[921, 922, 887, 888, 889, 924, 925, 926, 891, 856, 857, 856, 821, 786, 751, 716, 717, 682, 683, 682, 683, 648, 647, 646, 645, 610, 611, 576]
[875, 840, 839, 838, 837, 802, 801, 800, 799, 798, 797, 762, 761, 760, 759, 758, 757, 756, 755, 720, 719, 718, 683, 682, 717, 716, 715, 680, 679, 678, 677, 642, 641, 676, 675]
[573, 608, 609, 610, 645, 646, 611, 612, 613]
[538, 539, 574, 575, 576, 577, 612, 611]
[777, 778, 779, 814, 815]
[781, 816, 817, 818, 819, 854, 853]
[406, 407, 442, 441, 476, 475, 510, 509, 544, 543, 578, 577, 612, 613]
[546, 547, 548, 547, 582, 581, 616, 615, 650, 649, 648, 683, 682, 717, 716, 751, 786, 785, 786, 821, 856, 891, 926, 925, 960, 959, 994, 993, 992, 991, 990, 989, 988, 953, 952]
[443, 444, 445, 410, 411, 376, 377, 342, 343, 308]
[543, 544, 545, 510, 545, 546, 547]
[560, 525, 524, 523, 522, 487, 486, 451, 450, 415, 414, 415, 380, 381, 346, 347, 312, 311, 310, 275, 274, 309, 344, 343, 342, 377, 412, 411, 410, 445, 480, 515, 514, 549, 548, 547, 546, 545, 510]
[602, 567, 566, 565, 564, 529, 528, 527, 526, 526, 526, 561, 526, 526, 526, 526, 526, 526, 561, 561, 561, 526, 526, 526, 527, 528, 563, 564, 565, 566, 567, 602, 603, 604, 639, 638, 673, 708, 707, 742, 741, 776, 777]
[647, 682, 681, 716, 715, 750, 749, 784, 783, 782, 781, 746, 745, 744, 743, 708, 707, 742]
[676, 677, 642, 643, 642]
[364, 399, 398, 397, 432, 431, 466, 465, 500, 499, 534, 533, 568, 569, 570, 605, 606]
[263, 228, 193, 194, 159, 160, 125, 126, 127, 128, 93, 94, 93]
[875, 840, 839, 838, 837, 802, 801, 800, 799, 798, 797, 762, 761, 760, 759, 758, 757, 756, 755, 720, 719, 718, 683, 682, 717, 716, 715, 750, 749, 784, 783, 818, 817, 852, 851, 850]
[711, 712, 713, 748, 749, 784, 783, 818, 817, 852, 851, 852]
[849, 848, 847, 846, 845, 844, 879, 914, 913]
[643, 642, 643, 608, 609, 574, 575, 540, 539, 538, 503]
[611, 612, 613, 578, 579, 544, 545, 510, 511]
[333, 334, 369, 334, 369, 370, 371, 372, 407, 408, 409, 410, 411, 412, 377, 378, 343, 344, 309, 274, 275, 310, 311, 312, 347, 346, 381, 380, 379, 414, 449, 450, 451, 486, 487, 522, 523, 524, 559, 560]
[805, 804, 803, 802, 801, 800, 799, 798, 797, 762, 761, 760, 759, 758, 757, 756, 755, 720, 719, 718, 683, 682, 717, 716, 715, 680, 679, 678, 677, 642, 643, 608, 609, 608]
[679, 714, 713, 748, 783, 782, 817, 816, 851, 850]
[785, 750, 751, 716, 717, 682, 683, 648, 649, 614, 615, 580, 581, 546, 547, 512]
[476, 475]
[641, 642, 641, 640, 605, 604, 569, 568, 569, 534, 499, 500, 465, 466, 431, 432, 397, 398, 363, 364, 329, 330, 295, 296, 261, 262, 227, 228, 193, 194, 159, 160, 125, 126, 91, 92, 57, 58, 23, 24, 25, 24, 25, 60, 61]
[536, 537, 538, 539, 574, 575, 576, 577, 578, 613, 648, 647, 682, 681, 716]
[605, 604, 569, 568, 569, 534, 499, 500, 465, 466, 431, 432, 397, 398, 363, 364, 329, 330, 295, 296, 261, 262, 227, 228, 193, 194, 159, 160, 125, 126, 91, 92, 57, 58, 23, 28, 63, 98, 133, 168, 167]
[607, 642, 641, 676]
[716, 717, 682, 683, 648, 649, 614, 615, 580, 581, 546, 547, 512, 513, 478]
[805, 804, 803, 802, 801, 836, 835, 870, 869, 868, 903, 902, 901, 900, 935, 934, 933, 968, 967, 966, 1001, 1036, 1035, 1070, 1069, 1104, 1103, 1102, 1101, 1100, 1099, 1099, 1099, 1098, 1097, 1096, 1131, 1166, 1167, 1168]
[716, 715, 750, 749, 784, 783, 818, 817, 852, 817, 816]
[604, 569, 570, 535, 536, 501, 502, 467, 468, 433, 434]
[542, 543, 542, 541, 506, 505, 504, 503, 538, 537, 536, 501, 500, 535, 534, 569, 568, 603, 602, 567, 566, 565, 564, 529, 528, 527, 526, 526, 561, 561, 526, 526]
[675, 674, 673, 672, 637, 636, 601, 602, 567, 568, 569, 534, 499, 500, 499, 534, 533]
[503, 538, 539]
[540, 539, 538, 539, 504, 505, 506, 541, 542, 543, 544, 545, 510, 511, 476, 477, 478]
[745, 710, 709, 708, 673, 708, 707]
[340, 339, 340, 375, 376, 377, 376]
[605, 604, 569, 568, 567, 602, 601, 636, 635, 670, 705, 740, 775, 810, 845, 844, 879, 914, 949, 948, 983, 1018, 1053, 1088, 1089, 1124, 1125, 1160, 1161, 1196, 1197, 1198, 1163, 1128, 1129, 1094]
[707, 706, 707, 672, 637, 638, 603, 604, 569, 570, 535, 536, 501, 502, 467, 468, 503, 504, 505, 506, 541, 542, 543, 508, 509, 474, 475, 440]
[815, 850, 849, 884, 885, 920, 919, 954, 955, 990, 991, 1026, 1061, 1062, 1097, 1096, 1131, 1130]
[747, 782, 747, 748, 713, 712, 713, 678, 679, 644]
[711, 710, 709, 744, 743, 778, 777, 812, 811, 846, 845, 844, 879, 914, 949, 948, 983]
[544, 543, 508]
[576, 577, 612, 611, 646, 645, 680, 679, 714, 713, 712, 677, 676]
[645, 646, 647, 682, 681, 682, 717, 716, 751, 786, 785, 786, 821, 856, 891, 926, 925, 960, 959, 994, 993, 992, 991, 990, 989, 988, 1023, 1022, 1021, 1020, 1055, 1054, 1053, 1018, 983, 984]
[671, 670, 705, 740, 775, 810, 811, 846, 847]
[543, 544, 543, 578, 577, 612, 611, 646, 645, 680, 679, 714]
[852, 817, 816, 815, 850, 849, 884, 883, 918, 917]
[709, 710, 745, 746, 747, 748, 783, 782, 817]
[538, 539, 574, 575, 576, 577, 612, 611, 646, 645, 610]
[406, 405, 440, 439, 404, 403, 402, 401, 436, 435, 470, 469, 504, 503, 538, 537]
[641, 642, 643, 608]
[613, 648, 647, 682, 681, 716, 715, 750, 749, 784, 783, 782, 747, 746, 745, 710, 711]
[776, 777, 742, 743, 708, 743, 744, 745, 746]
[406, 407, 372, 373, 338, 339, 304, 305, 270, 271, 236, 237, 202, 201, 166, 165]
[537, 536, 535, 534, 569, 568, 603, 602, 637, 636, 671]
[881, 916, 915, 950, 951, 952, 951, 952, 987, 988, 1023, 1024, 1025, 1060, 1061, 1060, 1095, 1094, 1129]
[741, 742, 743, 778, 779, 780, 781]
[708, 707, 708, 709, 710, 745, 746, 747, 712]
[948, 949, 948, 983, 1018, 1053, 1054, 1055, 1020, 1021, 1022, 1023, 988, 989, 990, 991, 992, 993, 994, 995, 960, 925, 926, 891, 856, 857, 856, 821, 786, 751, 716, 715]
[602, 567, 566, 565, 564, 529, 528, 527, 526, 526, 526, 561, 526, 526, 526, 526, 526, 526, 561, 561, 561, 526, 526, 526, 527, 528, 563, 564, 565, 566, 567, 602, 603, 604, 639, 640, 641, 676, 677, 678, 679, 714, 713]
[443, 408, 373, 372, 371, 370, 369, 334, 333, 332]
[915, 914, 879, 844, 845, 810, 775, 740, 705, 706, 671, 670, 635, 636, 601, 602, 567, 568, 569, 534, 499, 500, 465, 466, 431, 432, 397, 398, 363, 364, 329, 330, 295, 330, 331, 332, 333, 334]
[611, 610, 609, 644, 643, 678, 643, 642, 641, 640, 605]
[298, 299, 300, 265, 266, 267]
[649, 614, 613, 648, 647, 646, 645, 610]
[401, 436, 435, 400, 399, 398, 363, 364, 329, 330, 295, 296, 261, 262, 227, 228, 193, 194, 159, 160, 125, 126, 91, 92, 57, 58, 23]
[675, 640, 639, 638, 603, 604, 569, 570, 535, 536, 501, 502, 501]
[339, 374, 373, 408, 407]
[676, 675, 710, 709, 710, 745, 746, 747, 748, 783, 784, 783, 818, 817, 852, 851, 886]
[604, 639, 640, 639, 674, 673, 708, 707, 708, 709, 710, 745]
[96, 95, 60, 61]
[780, 745, 744, 745, 710, 711]
[675, 640, 639, 638, 637, 602, 601, 602, 567, 568, 569, 534, 499, 500, 499, 534]
[678, 677, 642, 643, 608, 607, 606, 607]
[677, 642, 643, 608, 609]
[675, 640, 675, 676, 677, 678, 677, 712]
[816, 781, 782, 747, 748, 713, 714, 679, 680, 645, 610, 609, 608, 609, 608, 573, 572]
[602, 567, 566, 565, 564, 529, 528, 527, 526, 526, 526, 561, 526, 526, 526, 526, 526, 526, 561, 561, 561, 526, 526, 526, 527, 528, 563, 564, 565, 566, 567, 602, 603, 604, 639, 638, 673, 708, 707, 708, 709, 710, 745, 746, 747, 782, 781, 782]
[816, 817, 782, 783, 748, 783, 784, 785, 786, 751, 716, 717, 682, 683, 684, 649, 650, 615, 616, 581, 582, 547, 548, 549, 514, 515, 480, 445, 410, 409, 408, 407, 406]
[434, 399, 400, 399]
[578, 579, 580, 581, 616, 581, 582, 547, 548, 549, 514, 515, 480, 445, 410, 411, 412, 377, 378, 343, 344, 309, 274, 239, 238, 203, 202, 201, 166, 165, 164]
[671, 672, 673, 708, 709, 744, 743, 778, 779, 780, 779, 814]
[538, 539, 538, 539, 504, 505, 506, 541, 542, 543, 508, 509, 474, 509, 510]
[402, 401, 436, 435, 470, 469, 504, 503, 538, 537, 572, 571, 606, 605, 640, 639]
[572, 573, 538, 539, 538, 539, 504, 505, 506, 541, 542, 543, 544, 545, 510, 511, 476, 477, 442, 443, 408, 409, 374, 375, 340, 341, 306, 307, 308, 309]
[742, 743, 744, 745, 780, 781, 782, 783, 818, 817, 818, 819, 820, 855]
[474, 509, 508, 543]
[576, 575, 610, 609]
[680, 679, 714, 715, 750, 749, 784, 783, 818, 817, 818]
[642, 643, 608, 609, 574, 575, 540, 541, 576, 577, 542, 543, 508, 509, 474, 475, 440, 441, 406, 407, 372, 373, 338, 339, 304, 305]
[578, 579, 544, 543, 542, 541, 506, 505, 504, 505, 470, 471, 436, 435]
[781, 816, 817, 818, 819, 784, 785, 786, 751, 716, 717, 682, 683, 684, 649, 650, 615, 616, 615, 580, 581, 546]
[776, 741, 742, 743, 778, 779, 780]
[443, 444, 445, 480, 515, 514, 549, 548, 547, 582, 581, 616, 615, 650, 649, 648, 683, 682, 717, 716, 751, 786, 785, 750, 749, 714, 713]
[538, 539, 538, 539, 504, 505, 506, 541, 542, 543, 508, 509, 474, 475, 440, 441, 406, 405]
[887, 922, 921, 922, 923, 924, 959, 960, 961, 962, 963, 998, 999, 1000, 1001, 1002, 967, 968, 933, 934, 935, 900, 901, 902, 903, 868, 869, 870, 835, 836, 837, 838, 839, 840, 875]
[572, 537, 572, 571, 606, 605]
[441, 406, 407, 408, 443, 444, 445, 480, 515, 514, 549, 548, 547, 582, 581, 616, 615, 650, 649, 648, 683, 682, 717, 716, 751, 786, 785, 786, 821, 820]
[713, 712, 713, 678, 677, 676]
[503, 538, 539, 574, 575, 576, 577, 578, 613, 648, 647, 682, 681, 716, 717, 682, 683, 718, 719, 720, 755, 756, 757, 758, 759, 760, 761, 796, 797, 798, 799, 800, 801, 802, 837, 838, 839, 840, 875]
[603, 602, 637, 638, 639, 640, 675, 676]
[674, 675, 640, 641, 606, 607, 572, 573, 574, 573]
[875, 840, 839, 838, 837, 802, 801, 800, 799, 798, 797, 762, 761, 760, 759, 758, 757, 756, 755, 720, 719, 718, 683, 682, 717, 716, 715, 680, 679, 678, 677, 642, 643, 608, 609, 608, 573, 572, 573]
[710, 711, 676, 677, 642, 641]
[640, 641, 606, 607, 572, 573, 538, 539, 538, 539, 504, 505, 506, 541, 542, 543, 544, 545, 510, 511, 476]
[711, 746, 745, 780, 779, 778, 777, 812, 811, 846, 881, 880]
[536, 537, 538, 573]
[610, 609, 608, 607, 642, 607, 606, 605]
[675, 640, 639, 674, 673, 708, 707, 742, 741]
[745, 746, 747, 748, 783, 784, 783, 784, 819]
[614, 613, 648, 647, 682, 681, 716, 715, 750, 749, 784, 783]
[560, 525, 524, 523, 522, 487, 486, 451, 450, 415, 414, 415, 380, 381, 346, 347, 312, 311, 310, 275, 274, 309, 344, 343, 342, 377, 412, 411, 410, 445, 480, 515, 514, 549, 548, 547, 582, 581, 616, 615, 650, 649, 648, 613, 612, 611, 576, 575]
[642, 643, 644, 645, 680, 681, 682, 717, 716, 751, 786, 785, 786, 821, 856, 891, 926, 925, 960, 959, 994, 993, 992, 991, 990, 989, 988, 1023, 1022, 1021, 1020, 1055, 1054, 1053, 1053, 1018, 1053, 1053, 1088, 1089, 1124, 1125, 1160, 1161, 1196]
[538, 537, 536, 501, 502, 467, 468, 433, 434]
[615, 580, 581, 616, 581, 582, 547, 548, 549, 514, 515, 480, 445, 410, 411, 412, 377, 378, 343, 344, 309, 274, 275, 310, 311, 312, 347, 346, 381, 380, 379, 414, 449, 450, 451, 486, 487, 522, 523, 524, 559, 560]
[741, 740, 775, 776, 777, 778, 779, 780, 779, 814, 815, 816, 817, 852, 853, 818]
[571, 570, 569, 568, 569, 534, 499, 500, 465, 466, 431, 432, 397, 398, 399]
[785, 750, 751, 716, 717, 682, 683, 648, 649, 614]
[781, 780, 745, 744, 745, 710, 711, 676, 677, 642, 643, 642, 641, 606, 605]
[537, 538, 573, 574, 575, 610]
[409, 408, 373, 372, 371, 370, 369, 334, 333]
[644, 643, 678, 677, 712, 711, 746, 745, 710, 709, 708, 707, 672, 671]
[614, 649, 650, 615, 614, 615, 580, 581, 546, 547, 512, 513, 478, 477, 442]
[676, 675, 676, 677, 712, 713, 714, 679]
[1173, 1138, 1137, 1102, 1103, 1104, 1105, 1104, 1105, 1070, 1035, 1036, 1001, 1002, 967, 968, 933, 934, 935, 900, 901, 902, 903, 868, 869, 870, 835, 836, 801, 802, 803, 804, 805]
[712, 713, 678, 679, 644]
[778, 777, 812]
[576, 577, 578, 613, 648, 647, 648]
[875, 840, 839, 838, 837, 802, 801, 800, 799, 798, 797, 762, 761, 760, 759, 758, 757, 756, 755, 720, 719, 718, 683, 682, 717, 716, 715, 714, 679, 678, 677, 712, 711, 710, 709, 708, 673, 708, 707, 742]
[743, 778, 777, 812, 813, 814, 849, 850, 851, 852, 887, 888, 889]
[505, 504, 505, 506, 541, 542, 543, 544, 579, 580, 581, 616, 615, 650, 649, 648, 683, 682, 717, 716, 751, 786, 785, 786, 821, 856, 891, 926, 925, 960, 959, 994, 993, 992, 991, 990, 989, 988, 1023, 1022, 1021, 1020, 1055, 1054, 1053, 1018, 983, 984]
[850, 885, 920, 921, 922, 923, 924, 959, 960, 961, 962, 963, 998, 999, 1000, 1001, 1002, 1037, 1038, 1039, 1074, 1075, 1076, 1077, 1112, 1113, 1114, 1149, 1150, 1151]
[805, 804, 803, 802, 801, 836, 835, 870, 869, 868, 903, 902, 901, 900, 935, 934, 933, 968, 967, 1002, 1001, 1000, 999, 998, 963, 962, 961, 960, 959, 924, 923, 922, 921, 920, 919, 884, 883, 882]
[743, 708, 709, 710, 745, 746, 747, 748, 749, 714, 715, 716, 717, 682, 683, 718, 719, 720, 755, 756, 757, 758, 759, 760, 761, 796, 797, 798, 799, 800, 801, 802, 837, 838, 839, 840, 875]
[672, 707, 708, 709, 744, 743, 778, 777, 812, 813, 778]
[569, 568, 569, 534, 499, 500, 465, 466, 431, 432, 397, 398, 363, 364, 329, 330, 295, 296, 261, 262, 227, 228, 193, 194, 159, 160, 125, 126, 91, 92, 57, 58, 23, 24, 25]
[784, 785, 750, 751, 716, 717, 682, 683, 682, 647, 682, 681]
[642, 643, 608, 609, 574, 575]
[578, 579, 544, 543, 542, 541, 506, 505, 504, 503, 468, 467, 466, 431]
[372, 373, 338, 339, 304, 305, 270, 271, 236, 237, 236, 201, 200]
[441, 442, 407, 406, 441, 440, 475, 474, 509, 508, 543, 578, 577]
[509, 544]
[263, 298, 297, 332, 331, 330, 365, 364, 399]
[675, 674, 675, 640, 675, 676, 677, 678, 713, 714, 715, 750, 749]
[608, 607, 642, 641]
[740, 775, 810, 845, 844, 879, 914, 949, 948, 983, 1018, 1053, 1088, 1089, 1124, 1125, 1160, 1161, 1196]
[645, 680, 679, 680, 681, 716, 715, 750, 749, 784, 783, 818, 817, 852, 851, 886, 885]
[1021, 1022, 987, 988, 953, 954, 919, 920, 885, 884, 849]
[1020, 1021, 1022, 987, 988, 989, 990, 991, 992, 993, 994, 995, 960, 925, 926, 891, 856, 857, 856, 821, 786, 751, 716, 717, 682, 683, 682, 681, 680, 679, 678, 643, 642, 643]
[645, 680, 681, 682, 717, 716, 751, 786, 785, 786, 821, 856, 855, 854]
[679, 680, 681, 682, 683, 648, 649, 614]
[849, 848]
[581, 616, 615, 650, 649, 648, 683, 682, 682, 717, 716, 716, 716, 717, 682, 682, 683, 718, 719, 720, 755, 756, 757, 758, 759, 760, 761, 796, 797, 798, 799, 800, 801, 802, 837, 838, 839, 840, 875]
[572, 573, 538, 539, 538, 539, 504, 505, 470, 469]
[897, 862, 863, 828, 827, 792, 757, 758, 758, 723, 758, 758, 757, 756, 755, 720, 719, 718, 683, 682, 717, 716, 715, 714, 679, 678, 677, 712, 711, 746, 745, 780, 779, 744, 743, 742]
[577, 542, 541, 576, 575]
[815, 850, 849, 884, 883, 918, 917, 916, 951]
[674, 673, 674, 709, 710, 711, 712, 747, 712]
[645, 680, 679, 680, 681, 682, 683, 648, 649, 614]
[847, 812, 813, 778, 779, 744, 745, 710, 711, 676, 677, 642, 643, 608, 609, 574, 575, 540, 541, 576, 577, 542, 543, 508, 509, 474]
[709, 674, 675, 640, 675, 676]
[885, 884, 849, 848, 847, 846, 845, 810, 775, 740, 741, 706, 707, 672, 637, 638]
[747, 748, 783, 784, 785, 786, 751, 716, 717, 682, 683, 684, 649, 650, 615, 616, 581, 582, 547, 548, 549, 514, 515, 480, 445, 410, 409, 408, 407, 372]
[610, 645, 646, 645, 680, 679, 714, 713, 748, 747, 782, 781, 816, 815, 850, 849, 884, 883, 918, 917]
[712, 711, 746, 745, 780, 779, 778, 777, 776]
[560, 525, 524, 523, 522, 487, 486, 451, 450, 415, 414, 415, 380, 381, 346, 347, 312, 313, 278, 277, 242, 241, 240, 239, 204, 169, 168, 167, 166, 165, 130]
[508, 507, 542, 541, 576]
[407, 406, 441, 440, 475, 474, 509, 508, 543, 578, 577, 612, 611, 646, 645, 680, 679, 678, 643, 642]
[707, 742, 743, 744, 745, 710, 745, 746, 747, 748, 749, 714, 715]
[642, 677, 678, 679, 714, 713, 714, 679]
[503, 538, 573, 574, 573, 608, 607, 642, 641, 676, 675, 676]
[1018, 1017, 1018, 983, 984, 949, 914, 879, 844, 845, 810, 775, 740, 705, 706, 671]
