[601, 602, 637, 602, 603, 568, 569, 570, 569, 604, 605, 570, 569, 568, 603, 602, 637, 636, 601]
[612, 647, 682, 717, 752, 753, 788, 789, 824, 825, 790, 825, 826, 827, 828, 793, 794, 795, 760, 761, 726, 691, 692, 657, 692, 691, 690, 725, 760]
[753, 754, 789, 790, 791, 826, 861, 860, 895, 930]
[682, 717, 752, 753, 754]
[601, 602, 637, 602, 637, 638, 673, 674, 675, 676, 641, 642, 643, 644, 645, 646, 681, 716, 717]
[718, 753, 754, 719, 720, 685, 686, 685, 650, 615]
[753, 718, 683, 648, 649, 614, 579, 544, 509, 510, 475, 440, 405, 406, 441, 406, 407, 442, 443, 478, 443, 444, 409, 374, 339, 304, 305, 306, 307, 308, 273, 274, 239, 240]
[366, 401, 436, 471, 470, 505, 540, 575]
[677, 642, 641, 606, 571, 536, 535, 536, 535, 500, 501, 466, 467, 466, 467, 432]
[688, 723, 724, 723]
[754, 719, 720, 685, 650, 615, 580, 545, 510, 511, 476, 477, 478, 443, 408, 373, 374, 339, 304, 269, 234, 235, 200, 165, 130, 95, 60, 61, 26, 27]
[721, 722, 687, 652, 653, 618, 619, 620, 621]
[724, 723, 688, 687, 686, 721, 720, 719, 718, 717, 716, 681, 646, 645]
[755, 720, 719, 718, 717, 716, 681, 646, 611, 576, 575, 610]
[719, 718, 683, 648, 649, 650, 685, 650, 615]
[637, 638, 673, 674, 675, 676, 641, 642, 643, 644, 645, 646, 681, 716, 717]
[724, 723, 688, 687, 652, 617, 582, 547, 548, 547, 546, 545, 544]
[717, 716, 681, 646, 645, 644, 643, 642, 641, 676, 675, 674, 673, 638]
[650, 649, 684, 719, 754, 789, 790, 791, 826, 861, 860, 895, 930, 931]
[545, 580, 615, 650, 649, 684, 719, 718, 717, 716, 681]
[611, 576, 575, 610, 645, 644, 643, 642, 643, 644, 679, 680, 715, 716, 717, 752, 753, 754, 789, 790, 755, 754, 753, 718, 717, 716, 681, 680, 679, 644, 643, 642, 607]
[432, 431, 396, 395, 430]
[685, 720, 755, 756, 721, 686, 685, 650, 615, 616, 581, 582, 547, 548, 513, 514, 515, 514, 479, 478, 443, 442, 407, 372, 337, 302, 267, 232, 197, 162, 127, 128, 93, 58, 59, 58, 93, 92, 91, 56, 55, 54, 19, 18, 17, 13, 12]
[266, 301, 336, 371, 406, 405, 440, 441, 406, 407, 442, 443, 478, 479, 514, 549, 584, 583, 618]
[724, 723, 724, 759, 760, 725, 724, 725, 760, 759, 794, 795, 830, 865, 900, 935, 970, 971, 1006, 1041, 1076, 1111, 1146, 1147, 1182, 1217, 1216, 1181, 1146, 1147, 1146, 1111, 1076, 1041]
[611, 576, 541, 506, 471, 436, 401, 366, 331, 330, 295, 296, 297, 298, 263, 298, 299, 334, 369, 404, 405, 440, 475, 510, 475, 440, 405, 404, 369, 334, 299, 264, 263, 264, 265, 266, 301, 302]
[640, 641, 640, 605, 606, 571, 536, 535, 500, 465, 430, 429, 394, 429, 394, 429, 428, 427, 392, 357, 358]
[760, 761, 796, 831, 832, 867, 868, 833, 832, 797, 796, 761, 760, 795, 794, 793, 828, 827, 826, 791, 790, 789, 824, 789, 788, 823, 788, 787, 752, 751, 750, 715, 680, 681, 646, 645]
[677, 642, 607, 572, 607, 642, 643, 678, 713, 748, 783, 748, 749, 784, 819]
[637, 638, 673, 674, 675, 676, 641, 642, 643, 644, 645, 646, 681, 716, 717]
[753, 754, 719, 684, 649, 650, 615, 580]
[543, 544, 545]
[823, 788, 753, 718, 717, 716, 681, 646, 611, 576]
[545, 544, 543, 508, 507]
[514, 549, 514, 513, 478, 443, 444, 409, 374, 339, 304, 269, 234, 235, 200, 165, 130, 95, 60, 61, 26]
[754, 719, 684, 649, 614, 613]
[685, 684, 649, 614, 579, 580, 545, 510, 475, 440, 405, 406, 371, 336, 301, 266, 265, 300, 335, 334, 369, 404, 439, 474, 473, 472, 507]
[756, 791, 756, 721, 686, 651, 652, 617, 582, 547, 548, 513, 478, 443, 442, 407, 406, 405, 404, 369, 368, 367, 402, 401, 400, 399, 434, 433, 468, 433, 432]
[787, 788, 823, 788, 789, 754, 719, 720]
[754, 719, 718, 717, 682, 647, 612, 577, 576, 577, 542, 507, 472, 507, 542, 543, 544, 545, 580, 581, 616, 651, 686, 721, 722, 687, 688, 723, 724, 723, 724, 759, 760, 761, 796, 831, 866, 901, 902, 937, 902, 937, 902, 903]
[724, 723, 724, 759, 760, 725, 690, 655, 654, 619, 584, 549, 514, 479, 478, 443, 442, 407, 406, 405, 404, 369, 368, 403, 402, 401, 400, 399, 434, 433, 468, 433, 432, 397, 362, 361, 326, 325, 290, 255, 254, 219, 218, 183, 218, 217, 252, 251, 216, 251, 250, 285, 284, 249, 248]
[642, 607, 572, 607, 642, 643, 678, 713, 748, 783, 748, 749, 784, 785, 820, 855, 856]
[824, 789, 788, 823, 788, 787, 752, 751, 750, 715, 680, 681, 646, 645, 644, 609, 574, 573, 538]
[647, 612, 577, 576, 541, 506, 505, 504, 503, 468, 433, 432, 397, 396, 361, 326, 325, 290, 255, 254, 219, 218, 183, 148, 149, 114, 79, 80, 45, 10, 11, 12, 11]
[717, 752, 753, 754]
[266, 301, 302, 303, 304, 339, 340]
[685, 684, 719, 720, 721, 686, 687]
[707, 672, 671, 636, 637, 602, 603, 568, 569, 570, 535, 536, 501, 502, 467, 432, 467, 432, 433, 398, 363, 398]
[266, 301, 302, 303, 304, 305, 306, 341, 342, 377, 412]
[611, 576, 611, 612, 613, 648, 649, 650, 685, 686, 721, 722, 687, 688, 723, 724]
[684, 649, 614, 579, 544, 545, 510, 511, 476, 477, 478, 443, 408, 373, 338]
[648, 649, 684, 719, 718]
[514, 549, 514, 513, 478, 443, 442, 407, 406, 405, 404, 369, 368, 403, 402, 401, 400, 399, 434, 433, 468, 503, 502, 537, 572, 607, 642, 643, 678, 713, 678, 679, 680, 645]
[719, 718, 717, 682, 647, 612, 613, 648, 649, 614, 579, 544, 545, 510, 511, 476, 477, 476, 441, 440, 439, 438, 403, 402, 403, 404, 439, 440, 441, 442, 477, 478, 443, 442, 441, 406, 405, 406, 441, 442, 443, 408, 373, 374, 339]
[719]
[754, 753, 788, 823, 824]
[611, 576, 541, 506, 471, 436, 437, 402, 403, 368, 333, 298, 333, 334]
[573, 538, 539, 504, 503, 468, 433, 434, 399, 400, 401, 402, 403, 368, 369, 404, 405, 406, 407, 442, 443, 478, 479, 514, 549, 584, 619, 654, 689, 724, 723, 724]
[827, 826, 791, 790, 789, 824, 789, 788, 789, 754, 789, 790, 755, 756, 721, 722, 687, 652, 653, 618, 619, 620, 585, 586, 551, 516, 481, 482, 483, 448, 449, 414, 415, 416, 381, 382, 347, 348, 313, 278, 243]
[724, 723, 688, 687, 722, 721, 720, 755]
[606, 605, 640, 641, 640, 641, 642, 643, 644, 645, 646]
[755, 790, 755, 756, 757, 722, 723, 724]
[823, 788, 789, 754, 719, 720, 685, 684, 649, 614, 579, 544, 545, 510, 475, 440, 405, 404, 369, 368, 367, 402, 367, 332, 297, 262, 227, 226, 191, 156, 121, 86, 51, 16]
[404, 405, 440, 475, 474, 509, 544, 579, 614, 649, 684, 719, 720, 755]
[304, 339, 374, 373, 408, 443, 478, 477, 476, 511, 476, 475, 510]
[755, 720, 719, 684, 649, 614, 579, 544, 545, 510, 475, 440, 405, 404, 369, 368, 367, 402, 367, 332, 297, 262, 261, 226, 191, 156, 121, 86, 51, 16, 17, 13, 12, 11]
[717, 716, 681, 646, 645, 644, 609, 574, 573, 538, 537, 536, 537, 502, 467]
[440, 475, 510, 511, 510, 545, 544, 543, 578, 577, 576, 575, 610, 575, 576, 577, 578, 543, 544, 545, 580, 581, 616, 615, 650, 685, 720, 755]
[721, 756, 755, 790, 791, 826, 861, 896, 931, 966, 1001, 1036, 1071, 1106, 1107, 1142, 1107]
[575, 610, 611, 612, 647, 648, 683]
[721, 686, 651, 652, 617, 582, 547, 548, 513, 478, 443, 442, 407, 372, 337, 302, 267, 232, 197, 162, 127, 128, 93, 58, 59, 58, 93, 92, 91, 56, 55, 54, 19, 18, 17, 13, 12]
[474, 509, 544, 579, 614, 613, 648, 649, 684, 719, 718, 717]
[650, 685, 686, 721, 686, 687, 688, 723, 724]
[540, 575, 610, 645, 680, 679, 678, 713, 748, 783, 748, 749, 784, 819]
[685, 684, 649, 614, 613, 612, 611, 576, 575, 610, 575, 574, 573, 538]
[754, 719, 684, 649, 614, 579, 544]
[754, 719, 684, 649, 614, 579, 544, 545, 544, 543, 508, 507, 472, 436, 401, 436, 437, 472]
[642, 641, 642, 607, 572, 537, 502, 503, 468, 433, 434, 399, 400, 401, 402, 403, 368, 369, 404, 405, 440, 475, 510, 511, 510, 545]
[753, 754, 719, 684, 649, 614, 579, 544, 545, 510, 475, 440, 405, 406, 441, 406, 407, 442, 443, 478, 443, 444, 409, 374, 339, 304, 269]
[724, 723, 724, 759, 760, 725, 724, 725, 760, 759, 794, 829, 830, 829, 864, 899, 898, 933, 968, 967, 966, 1001, 1000, 999, 964, 929, 928, 893, 894]
[715, 680, 681, 646, 647, 612, 613, 648, 649, 650, 685, 686]
[823, 788, 789, 754, 719, 718, 717, 716, 681, 646, 611, 610, 645]
[720, 721, 686, 651, 652, 617, 582, 547, 548, 513, 514, 479, 478, 443, 442, 407, 372, 337, 302, 267, 232, 197, 162, 163, 128, 93, 58, 59, 58, 93, 92, 91, 56, 55, 54, 19, 18, 17, 13, 12, 11]
[753, 718, 717, 716, 681]
[610, 645, 646, 681, 716, 717, 752, 753, 754, 719]
[823, 788, 789, 754, 719]
[754, 719, 718, 717, 716, 681, 646, 645, 644, 643, 642, 641, 676, 675]
[720, 755]
[502, 503, 468, 433, 432, 397, 396, 361, 326, 325, 290, 255, 254, 219, 218, 183, 182, 147, 146, 111, 110, 75, 110, 109, 144, 143, 178, 177, 212, 177, 212, 177, 178, 143, 144, 109, 110, 75, 110, 111, 146, 181, 182, 183, 218, 219, 254, 255, 290, 325, 326, 361, 396, 397, 432, 433, 468, 503, 502, 537, 572, 607, 642, 643, 678, 713, 748, 749, 784, 819, 854, 889, 924, 959, 994, 1029, 1064, 1099, 1100, 1135, 1136, 1101, 1102, 1067, 1102, 1103, 1068, 1069, 1034, 1035, 1070, 1105, 1104, 1139, 1104, 1139, 1140]
[754, 753, 718, 717, 716, 681, 646, 645, 644, 643, 642, 677]
[754, 719, 718, 717, 716, 681, 646, 611]
[374, 339, 374, 373, 408, 443, 478, 477, 476, 511, 510, 545, 544, 579, 614, 649, 684, 719]
[610, 645, 644, 643, 642, 641, 676, 675, 640]
[574, 573, 538, 503, 538, 503, 504, 503, 468, 433, 434, 399, 400, 401, 402, 403, 368, 369, 404, 405, 406, 441, 406, 407, 442, 443, 478, 443, 444, 409, 374, 373, 374, 373, 338, 339, 304]
[677, 642, 607, 572, 607, 572, 537, 502, 503, 468, 433, 432]
[721, 722, 687, 722, 757, 756, 721, 720, 685, 720, 685]
[499, 534, 533, 534, 499, 464, 465, 500]
[548, 513, 514, 515, 514, 479, 478, 443, 442, 407, 406, 405, 404, 369, 368, 403, 402, 401, 400, 399, 434, 433, 468, 433, 432]
[611, 576, 611, 612, 613, 648, 649, 684, 719, 754]
[505, 504, 503, 502, 467]
[548, 547, 546, 581, 616, 615, 650, 615, 650, 649, 684, 719]
[548, 513, 478, 443, 442, 407, 372, 337, 302, 267, 232, 197, 162, 127, 128, 93, 58, 93, 92, 91, 56, 55, 54, 19, 18, 17, 13, 12, 11]
[373, 408, 443, 478, 477, 476, 511, 510, 545, 544, 543, 508, 507, 542, 577]
[756, 757, 722, 723, 724, 689, 654, 619]
[266, 301, 336, 337, 338, 373, 374, 373, 408, 443, 444]
[723, 688, 687, 652, 617, 582, 581]
[432, 431, 432, 467, 466]
[542, 543, 544, 579]
[754, 719, 720, 685, 686, 685, 650, 615, 616, 581, 582, 547]
[552, 587, 586, 551, 516, 515, 514, 479, 478, 443, 442, 407, 406, 405, 404, 369, 368, 333, 298, 263]
[724, 723, 688, 687, 652, 617, 582, 547, 546, 545, 510, 475, 474]
[642, 607, 606, 571, 536, 535, 536, 535, 500, 499, 498, 497, 462, 461, 460, 459, 424, 425, 390, 389, 354, 319, 284, 249]
[724, 723, 724, 759, 760, 725, 690, 655, 654, 619, 584, 549, 514, 479, 478, 443, 442, 407, 406, 405, 406, 371, 336, 301, 266, 265]
[326, 361, 396, 397, 432, 433, 468, 503, 504, 505, 540, 505, 506, 507, 542, 543, 544, 545, 580, 581, 616, 615, 650, 649, 684, 683, 718]
[796, 795, 760, 759, 758, 723, 722, 721, 722, 723, 758, 759, 760, 795, 796, 795, 796, 761, 760, 795, 794, 793, 828, 827, 826, 791, 790, 789, 824, 789, 788]
[368, 367, 402, 401, 400, 399, 434, 433, 468, 503, 538, 537]
[755, 720, 719, 684, 649, 614, 579, 544, 545, 510, 475, 440, 405, 406, 371, 336, 301, 266, 267, 232]
[723, 688, 687, 652]
[685, 684, 719, 718, 753, 754, 719]
[366, 331, 330]
[300, 335, 334, 369, 404, 403, 402, 437, 472, 471, 506, 471]
[541, 576, 575, 610, 575, 574, 573, 538, 573, 538, 539, 504, 505, 540, 505, 506, 507, 542, 543, 544, 545, 580, 581, 546, 511, 546]
[535, 536, 537, 538, 573, 574, 575, 610]
[404, 439, 474, 509, 544, 545, 580, 581, 616, 617, 618, 653, 652, 687, 688, 723]
[795, 796, 795, 796, 761, 760, 759, 794, 793, 828, 827, 826, 791, 790, 789, 824]
[545, 580, 581, 616, 615, 650, 685, 720, 755, 790, 791, 826, 861, 896, 895, 896, 931, 966, 1001, 1036, 1071, 1070, 1105, 1140, 1175]
[291, 256, 221, 186, 151, 186, 221, 256, 291, 326, 361, 396, 397, 432, 433, 468, 503, 504, 505, 540, 505, 506, 507, 542, 507]
[788, 823, 788, 787, 752, 751, 750, 715, 680, 681, 646, 611, 576, 575, 610, 575, 574]
[651, 652, 617, 582, 547, 548, 513, 478, 443]
[606, 571, 606, 641, 676, 675, 676, 675, 640, 639, 604, 603, 568, 603, 568, 569, 570, 535]
[514, 549, 514, 479, 480, 445, 410, 375, 376, 341, 306, 307, 308, 273, 274, 239, 204, 169]
[719, 720, 755, 790, 791, 826, 861, 896, 931, 966, 1001, 1002, 967, 968, 933, 898, 899, 900, 935, 970, 971, 1006, 1041, 1076, 1111, 1146, 1147, 1182, 1217]
[824, 823, 788, 789, 754, 719, 684, 649, 614, 579, 544, 545, 510, 475, 474, 473, 472, 471, 436, 401, 366, 331, 332, 331, 296]
[637, 638, 673, 674, 675, 676, 711, 712, 713, 714, 715, 750, 751, 752, 753, 718, 717]
[472, 473, 508, 543, 544, 579, 614, 649, 684, 719, 754, 789, 790, 755]
[724, 723, 688, 687, 652, 617, 582]
[639, 604, 603, 568, 569, 570, 535, 500, 535, 536, 537, 538, 573, 574, 575, 610, 611, 646, 681, 716, 717, 752, 753, 754, 719]
[931, 932, 967, 968, 933, 934, 899, 900, 865, 900, 899, 934, 899, 934, 933, 968, 967, 966, 1001, 1000, 999, 1034, 1033, 1032, 1067, 1066, 1101, 1136, 1171, 1206]
[724, 723, 688, 687, 722, 721, 720, 685, 720, 719, 718, 717]
[266, 301, 336, 301, 300, 335, 334, 369, 370, 405, 440, 475, 474, 509, 544, 579, 614, 579, 614, 649, 684, 719, 754, 789, 754]
[788, 823, 788, 789, 824, 859, 858]
[615, 650, 649, 684, 683, 718]
[788, 823, 788, 789, 824, 789, 790, 791, 826, 827, 828, 793, 794, 795, 760, 725, 690, 691, 656, 621, 586, 551, 552]
[573, 574, 575, 540, 505, 506, 507, 542, 543, 544, 579, 614, 613, 648, 649, 650]
[816, 817, 782, 747, 748, 749, 750, 785, 786, 787, 822, 857, 858, 859, 824, 789, 788, 789, 754, 719, 718]
[684, 719, 718, 717, 716, 681, 646, 645, 680, 679, 678, 643, 642, 607, 572, 537, 502, 503, 468, 433, 432, 397, 362, 361, 326, 325, 290, 255, 254, 255, 290, 291, 326, 327, 362, 363, 398, 399, 434, 435, 470, 505, 506, 541, 542, 541, 506, 505, 470, 469, 434, 399, 398, 363, 362, 327, 326, 291, 290, 255, 220, 219, 220, 185]
[717, 716, 681, 646, 611, 576, 541, 506, 505, 504, 503, 468, 433, 398, 397, 362, 361, 396, 395, 430]
[331, 332, 367, 368, 369, 404, 405, 406, 441, 406, 407, 442, 443, 478, 479, 514, 549, 584, 619, 654, 689, 724, 723, 724]
[754, 719, 684, 649, 614, 579, 544, 545, 510, 511, 476, 477, 478, 443, 408, 373, 374, 339, 304, 269, 234, 235, 200, 165, 130, 95, 60, 61, 26, 27]
[331, 366, 401, 436, 471, 470, 505]
[610, 645, 680, 679, 678, 713, 748, 749, 784, 819, 854, 889, 924, 959, 994, 1029, 1064, 1099, 1100, 1135, 1136, 1171, 1206]
[754, 719, 718, 717, 716, 681, 646, 645, 644, 643, 642]
[404, 439, 474, 509, 544, 579, 614, 649, 684, 719, 754, 753, 788, 823, 824, 859, 824, 789]
[681, 646, 647, 612, 613, 648, 649, 650, 685, 720]
[576, 575, 610, 611, 646, 681, 716, 717, 752, 753, 754, 789, 790, 755]
[675, 676, 641, 642, 607]
[611, 576, 577, 542, 543, 544, 545, 580, 581, 582, 547, 548, 513, 514, 515, 480, 481, 446, 447, 482, 483]
[368, 369, 404, 405, 440, 475, 510, 511]
[579, 544, 509, 474, 439, 404, 403, 368, 403, 402, 367, 332, 297, 262, 261, 226, 191, 156, 121, 86, 51, 16, 17, 52, 87, 122, 157, 192, 227, 262, 263, 298, 333, 368, 403, 438, 473, 508, 509, 544, 579, 614, 579, 544, 509, 508, 473, 438, 403, 368, 333, 298, 263, 262, 227, 192, 157, 122, 87, 52, 17, 16]
[648, 649, 614, 613, 612, 611, 576, 575, 610, 575, 574, 573, 538, 537, 536, 535, 570, 569]
[637, 638, 673, 674, 675, 676, 641, 642, 643, 644, 645, 646, 681, 646, 647, 612, 613]
[655, 620, 585, 584, 549]
[823, 788, 789, 754, 719, 684, 649, 614, 579, 544, 579]
[642, 641, 676, 675, 676, 711, 712, 713, 714, 715, 750, 751, 752, 787, 788, 823]
[724, 723, 724, 723, 724, 759, 760, 725, 690, 655, 654, 619, 584, 549, 514, 479, 478, 443, 442, 407, 406, 405, 370, 369, 334, 299, 264, 265]
[683, 648, 649, 614, 579, 544, 545, 510, 475, 440, 405, 406, 441, 442, 407, 372, 337, 302, 267, 232, 197, 162, 163, 128, 93, 58, 59, 58, 93, 92, 91, 56, 55, 54, 19, 18, 17, 13, 12]
[754, 719, 718, 717, 682, 647, 612, 577, 576, 575, 610, 575, 574, 573, 538, 537, 502]
[788, 789, 754, 789, 790, 755, 756, 721, 686, 685, 650, 615, 616, 581, 546]
[796, 795, 796, 761, 760, 795, 794, 793, 828, 827, 826, 791, 790, 789, 824, 789, 788, 789, 754, 789, 790, 755, 756, 721, 720, 755, 720, 719]
[601, 636, 671, 672, 707, 708, 709, 710, 711, 712, 713, 714, 715, 750, 751, 752, 753]
[823, 788, 789, 824, 789, 790, 791, 826, 827, 828, 793, 794, 795, 760, 725, 690, 655, 654, 619, 584, 549, 514, 479, 478, 443, 442, 407, 372, 337, 302, 267, 232, 197, 162, 127, 128, 93, 58, 93, 92, 91, 56, 55, 54, 19, 18, 17, 13, 12]
[719, 718, 717, 716, 681, 646, 645, 644, 643, 642, 641, 606, 571]
[720, 719, 718, 717, 682, 647, 612, 611]
[469, 434, 469, 470, 505]
[573, 538, 537, 536, 535, 570, 569, 568, 603, 602, 637, 636, 601, 566]
[545, 544, 579, 614, 649]
[788, 823, 788, 787, 752, 751, 750, 715, 680, 681, 646, 645, 644, 609, 574]
[443, 478, 479, 480, 515, 516, 551, 552, 587, 588, 623]
[537, 538, 573, 608, 643, 644, 645, 680, 715, 750, 751, 752, 787, 788, 823, 788, 789, 824, 859]
[542, 543, 544, 545, 580, 581, 616, 651, 686, 721, 756, 757, 722, 723, 724, 759, 760, 761, 796, 797]
[755, 720, 719, 718, 717, 682, 647, 612]
[719, 718, 717, 716, 681, 646]
[638, 603, 638, 637, 638, 673, 674, 675, 676, 641, 642, 643, 644, 645, 646, 681, 716, 717, 752, 753, 718]
[755, 720, 719, 718, 717, 716, 681, 646, 645, 644, 643, 642, 641, 676, 675, 640, 639, 604]
[724, 723, 724, 759, 760, 795, 794, 793, 828, 827, 826, 791, 790, 789, 824, 789, 788]
[724, 723, 724, 759, 760, 725, 690, 655, 654, 619, 584, 549, 514, 479, 478, 443, 442, 407, 406, 405, 404, 369, 368, 403, 402, 401, 400, 399, 434, 433, 468, 503, 504, 539, 574, 573, 538, 573, 574]
[482, 517, 552, 517, 516, 551, 550, 585, 584, 583, 618, 653, 652, 687, 688, 723, 724]
[754, 719, 718, 717]
[754, 719, 718]
[573, 538, 539, 504, 503, 468, 433, 434, 399, 400, 401, 402, 403, 368, 369, 404, 405, 440, 405, 406, 371, 336, 301, 266, 265, 266]
[505, 540, 505, 506, 507, 542, 543, 544, 509, 510, 475, 476, 477, 476]
[755, 720, 719, 720, 685, 650, 649, 614, 579, 544, 543, 508, 507, 508]
[506, 505, 504, 503, 468, 433, 434, 399, 400, 401]
[716, 681, 646, 611, 576, 577, 542, 543, 544, 545, 510]
[717, 752, 753, 754]
[685, 684, 719, 754, 753, 788, 823, 788, 789, 824, 859, 858]
[499, 500, 535, 536, 537, 572, 607, 642, 643, 678, 713, 748, 783]
[266, 301, 336, 371, 406, 405, 404, 369, 368, 403, 402, 401, 400, 399, 434, 433, 468, 503, 502, 501, 536, 535, 570, 569, 568, 603]
[404, 403, 368, 369, 404, 405, 406, 441, 406, 407, 442, 443, 478, 513]
[544, 579, 614, 649, 614, 613, 612, 611, 576, 575]
[718, 753, 754, 719, 718, 717, 716, 681, 646, 645, 680, 679, 678, 713, 678, 713, 748, 749, 784, 819, 854, 889, 924, 959, 994, 995, 960, 959, 960, 959, 994, 995]
[444, 443, 442, 407, 406, 405, 404, 369, 368, 403, 402, 401, 400, 399, 434, 433, 468, 433, 432, 397, 362, 361, 326, 325, 290, 255, 254, 219, 218, 183, 218, 217, 252, 251, 216]
[755, 720, 719, 684, 649, 614, 579, 544, 545, 510, 475, 440, 405, 406, 441, 406, 407, 442, 407, 372, 337, 302, 267, 232, 197, 162, 127, 128, 93, 58, 93, 92, 91, 56, 55, 54, 19, 18, 17, 13, 12]
[612, 613, 648, 649, 684, 683, 718, 753, 718, 683, 684, 719, 720]
[286, 321, 356, 391, 392, 357, 358, 323, 324, 325, 326, 361, 362, 361, 362, 361, 362, 397, 398, 433, 432, 433, 468, 503, 504, 505, 540, 575, 540, 505, 540, 575, 610, 611, 646, 681, 716, 717, 752, 753, 754, 789, 790, 791, 826, 861, 860, 895, 930, 965, 1000]
[473, 472, 507, 542, 577, 576, 577, 612, 647, 682, 717]
[265, 300, 335, 370, 371, 336, 301, 302, 303, 304, 305, 306, 307, 308, 343, 344, 379, 414, 415, 450, 415, 414, 379, 414, 415, 450, 415, 414, 379, 414, 415, 450, 415, 414, 379, 414, 415, 450, 415, 414, 379, 414, 415, 450, 415, 414, 379, 450]
[753, 754, 789, 788, 823]
[548, 513, 478, 443, 442, 407, 406, 405, 404, 369, 368, 367, 402, 367, 332, 297, 296, 295, 294, 259, 294, 259, 294, 259, 294, 259, 294, 259, 294, 295, 330, 295, 296, 297, 298, 263, 264, 265, 266, 301, 336, 301, 300]
[474, 439, 440, 441, 442, 477, 476, 511, 512, 511]
[754, 719, 718, 717, 716, 681, 646, 645, 644, 643, 642]
[682, 717, 752, 753, 788, 823, 788, 789, 824]
[473, 508, 507, 542]
[719, 720, 721, 722, 687, 688, 723, 724]
[537, 502, 537, 572, 607, 642, 641, 676, 675, 710]
[538, 539, 538, 573, 538, 537, 538, 537, 572, 571, 570, 569, 604, 603, 602, 637]
[266, 301, 336, 335, 300, 335, 334, 369, 404, 439, 438, 439, 474, 473, 508]
[545, 510, 511, 512, 513, 478, 477, 512, 511, 546, 545, 510, 511, 512, 477, 478, 479]
[404, 439, 474, 509, 544, 579, 614, 649, 684, 719, 718]
[546, 545, 510, 475, 440, 405, 404, 369, 368, 403, 402, 401, 400, 399, 434, 433, 468, 503, 502, 537, 572, 607, 642, 643, 678, 713, 748, 783, 784]
[754, 719, 718, 717, 682, 647, 612, 577, 576, 541, 506, 505, 506, 505]
[754, 719, 718, 717, 716, 681, 646, 645, 644, 643, 642, 641, 676, 675, 640, 605, 570]
[339, 374, 373, 408, 443, 478, 477, 476, 511, 510, 545, 544, 579, 614, 613, 612, 611, 576]
[645, 680, 679, 678, 643, 642, 607, 572, 537, 502, 503, 468, 433, 432, 397, 396, 361, 326, 325, 290, 255, 254, 219, 218, 183, 148, 149, 114, 79, 80, 45, 10, 11, 12, 11]
[749, 748, 747, 782, 817, 816, 817]
[718, 717, 716, 681, 646, 645, 644, 643, 642, 641, 676, 675, 674, 673, 638]
[824, 789, 788, 789, 754, 789]
[573, 608, 643, 644, 645, 680, 715, 750, 751, 752, 787, 788, 823]
[755, 720, 719, 718, 717, 716, 681, 646, 611, 576, 611]
[548, 547, 582, 617, 652, 651, 686, 721, 722, 687, 688, 687]
[716, 751, 750, 715, 714, 713, 712, 711, 676, 711, 710, 675, 674, 673, 638, 637, 602, 603]
[724, 723, 724, 723, 724, 759, 760, 725, 690, 655, 654, 619, 584, 549, 514, 479, 478, 443, 444, 409, 374, 339, 304, 269, 234, 235, 200, 165]
[717, 752, 753, 718, 717]
[566, 601, 602, 637, 638, 673, 674, 675, 676, 641, 642, 643, 644, 645, 646, 681, 716, 717, 752, 753]
[304, 303, 302, 267, 266, 265, 264, 263, 262, 297, 296, 295, 330, 295, 294, 259, 258, 257, 292, 327, 326, 361, 396]
[828, 827, 826, 791, 789, 824, 859, 858, 859, 824, 789, 790, 791, 826, 827, 828, 793, 794, 795, 760, 725, 690, 655, 654, 619, 584, 549, 514, 479, 478, 443, 444, 409, 374, 339, 304, 303, 268, 267, 232, 267, 268, 233, 234, 269, 304]
[296, 331, 366, 331, 330, 295, 294, 259, 258, 257, 292, 291, 326, 325, 290, 255, 254, 219, 218, 183, 182, 147, 146, 145, 180, 179, 178, 213, 248]
[404, 403, 368, 369, 404, 405, 440, 475, 510]
[754, 719, 684, 649, 614, 579, 544, 545, 510, 475, 440, 405, 404, 369, 368, 367, 402, 367, 332, 297, 262, 261, 226, 191, 156, 121, 86, 51, 16]
[642, 641, 676, 675, 676, 711, 712, 713, 714, 715, 750, 751, 752, 787, 788, 823, 788, 789, 824, 859, 858]
[611, 576, 611, 612, 613, 648, 649, 614]
[824, 859, 858, 859, 824, 789, 790, 791, 826, 827, 828, 793, 794, 759, 760, 759, 724, 723, 724, 689]
[327, 362, 363, 398, 399, 434, 469]
[552, 551, 586, 621, 656, 691, 690, 725, 724, 725, 760, 759, 794, 793, 828, 827, 826, 791, 790, 789, 824, 789, 788]
[721, 686, 687, 652, 653, 618, 619, 584, 585, 550, 551, 516, 517, 516, 481, 482, 517]
[264, 263, 298, 333, 368, 403, 404, 439, 474, 509, 544, 579, 614, 649, 684, 719, 718]
[637, 638, 673, 674, 675, 676, 641, 642, 643, 644, 645, 646, 681, 716, 717, 752, 753, 754, 719]
[754, 719, 718, 717, 682, 647, 612, 577, 578, 543, 578, 577, 612, 577, 576, 577, 542, 577, 576, 541, 506, 471, 436, 401]
[721]
[267, 232, 231, 196, 231, 196, 231, 196]
[545, 510, 475, 440, 405, 404, 369, 368, 403, 402, 401, 400, 399, 434, 433, 468, 433, 432, 397, 396, 361, 326, 325, 290, 255, 254, 219, 218, 183, 218, 217, 252, 251, 286, 285, 286, 321, 320, 355, 390]
[510, 511, 476, 477, 478, 443, 408, 373, 374, 339, 304, 303]
[648, 649, 614, 613, 578, 543, 544, 545, 510, 475, 440, 405, 406, 407, 442, 443, 478, 479, 514, 515, 550, 515, 480, 481, 446, 481, 482]
[816, 815, 850, 849, 884, 919, 918, 953, 988, 1023, 1024, 1059]
[637, 602, 603, 568, 569, 570, 535, 536, 537, 572, 537, 502, 503, 468, 433, 434, 399, 400, 401, 402, 367, 332, 297, 262, 263, 264, 265]
[538, 539, 504, 503, 468, 433, 432, 397, 396, 361, 326, 325, 290, 255, 254, 219, 218, 183, 148, 149, 114, 79, 80, 45, 10, 11, 12, 11]
[571, 536, 537, 538, 573, 608, 643, 644, 645, 646, 681, 716, 717, 752, 753]
[336, 371, 406, 405, 440, 441, 406, 407, 442, 443, 478, 479, 514, 549, 584, 619, 654, 689, 724, 723, 724, 723, 688]
[685, 650, 649, 614, 613, 612, 577]
[754, 789, 788, 823, 788, 787, 752, 751, 750, 715, 714, 713, 712]
[858, 893, 892, 893, 928, 963, 964, 965, 930, 895]
[585, 584, 549, 514, 479, 478, 443, 442, 407, 406, 405, 406, 371, 336, 301, 266, 265, 266, 301]
[505, 540, 575, 610, 611]
[637, 602, 603, 568, 569, 568, 533, 498, 463, 428, 429, 394, 359, 324, 325, 326, 291, 292, 291]
[754, 719, 754, 753, 788, 823, 788, 789, 824, 789, 790, 791, 826, 827, 828, 793, 794, 795, 760, 795, 796, 795, 796]
[718, 753, 754, 719, 720]
[611, 576, 577, 576, 577, 542, 543, 544, 545, 510, 511, 476, 477, 478, 443, 408, 373, 374, 339, 304, 305, 306, 307, 308]
[823, 788, 789, 754, 719, 718, 717, 682, 647]
[719, 718, 717, 716, 681, 646, 645, 644, 643, 642, 641, 676, 675]
[572, 571, 572, 571, 606, 607, 642, 643, 644, 645, 646, 681, 716, 681, 716, 717, 752, 753, 754]
[611, 576, 575, 610, 575, 574, 539]
[684, 649, 614, 579, 544, 545, 510, 475, 440, 405, 404, 369, 368, 367, 402, 367, 332, 297, 262, 261, 226, 191, 156, 121, 86, 51, 16]
[544, 579, 614, 649, 684, 719, 720]
[687, 722, 721, 720, 685, 720, 685, 720, 755, 754, 789]
[266, 301, 302, 267, 232, 197, 162, 127, 128, 93, 58, 59, 24]
[796, 795, 796, 761, 760, 795, 794, 793, 828, 827, 826, 791, 790, 789, 824, 789, 788, 823]
[548, 547, 546, 581, 616, 615, 650, 649, 684, 719, 718, 717, 716]
[718, 753, 754, 719, 684, 685]
[548, 547, 546, 581, 616, 615, 650, 649, 684, 719]
[718, 753, 754, 719, 718, 717, 716, 681, 646, 611, 576, 575, 610, 575, 574]
[717, 752, 753, 788, 823, 788, 789, 824, 789, 790, 791, 826, 827, 828, 793, 794, 795, 760, 761, 796, 761, 762, 727, 762, 763, 764, 765, 800, 801, 766, 767, 768, 803, 804, 839]
[718, 717, 682, 647, 612, 577, 576, 541, 506]
[755, 720, 719, 718, 717, 682, 683, 684, 649, 650, 615, 616, 581, 582, 547, 548, 549, 514, 515, 480, 481, 446, 447, 412, 413, 414, 379, 380, 345, 346, 311, 312, 277, 278, 279, 244, 245, 210, 245, 244, 279, 278, 313, 312, 347, 346, 345, 380, 379, 414, 413, 448, 447, 446, 481, 480, 515, 514, 549, 548, 547, 582, 581, 616, 615, 650, 649, 648, 683, 682, 717, 716, 681]
[436, 437, 472, 507, 542, 507, 542, 543, 544, 579, 614, 649, 684, 719, 754, 789, 790, 755, 720, 719, 684, 649, 614, 579, 544, 509, 474, 439, 438, 439, 404]
[266, 301, 266, 265, 264, 263, 262, 297, 296, 295, 294, 259, 258, 257, 256, 291]
[650, 685, 650, 685, 684]
[548, 513, 478, 443, 444, 409, 374, 373, 374, 373, 338, 337, 336]
[71, 106, 141, 176, 177, 212, 177, 178, 143, 178, 179, 214, 249, 250, 285, 320, 319, 354, 389, 390, 425, 424, 459, 460, 495, 530, 565, 566, 601, 636, 671, 672, 707, 708, 709, 710, 711, 712, 713, 714, 715, 750, 751, 752, 753, 754, 719, 684, 719, 754, 789, 790, 791, 826, 861, 860, 895, 896, 931, 966, 1001, 1036, 1071, 1106, 1107, 1142, 1143, 1142, 1107, 1108, 1073, 1108, 1107, 1142, 1107, 1106, 1071, 1036, 1001, 966, 931, 932, 931, 896, 861, 826, 791, 790, 755, 756, 721, 722, 687, 652, 653, 618, 619, 620, 585, 586, 551, 516, 517, 516, 481, 482, 483, 448, 413, 414, 415, 380, 379, 380, 345, 380, 379, 380, 379, 344, 343, 308, 307, 306, 305, 304, 339, 374, 373, 408, 443, 478, 477, 476, 511, 546]
[498, 463, 428, 429, 394, 359, 324, 325, 326, 325, 290, 255, 254, 219, 218, 183, 148, 149, 114, 79, 80, 45, 10, 11, 12, 11]
[754, 719, 684, 649, 614, 579, 544]
[754, 719, 754, 789, 790, 791, 826, 861, 860, 895, 896, 931, 966, 1001]
[684, 649, 614, 579, 544, 545, 510, 475, 440, 405, 404, 369, 368]
[471, 470, 505, 504, 503, 468, 433, 432, 397, 396, 361, 326, 325, 290, 255, 254, 219, 218, 183, 148, 149, 114, 79, 80, 45, 10, 11, 12, 11]
[719, 684, 649, 614, 579, 544, 545, 510, 475, 440, 405, 406, 441, 406, 407, 372, 337, 302, 267, 232, 197, 162, 127, 128, 93, 94, 59, 60, 61, 62, 63, 28, 29, 64, 65, 30, 35, 70, 105]
[649, 650, 685, 720, 719, 754, 753, 788, 823, 788, 787, 752, 751, 750, 715, 680, 681, 646, 645, 644, 609, 574]
[724, 723, 724, 759, 760, 795, 794, 793, 828, 827, 826, 791, 790, 789, 824, 789, 788, 823]
[611, 576, 541, 506, 505, 504, 503, 468, 433, 432, 397, 396, 361, 326, 325, 290, 255, 254, 219, 218, 183, 148, 149, 114, 79, 80, 45, 10, 11]
[266, 301, 336, 371, 406, 405, 440, 439, 474, 473, 508, 507, 506, 505, 504, 539, 538, 573, 538, 573, 572]
[338, 337, 336, 301, 302, 267, 232, 197, 162, 127, 128, 93, 58, 93, 92, 91, 56, 55, 54, 19, 18, 17, 13, 12]
[642, 641, 642, 607, 572, 607, 572, 537, 502, 503, 468, 433, 434, 399, 400, 401, 402, 403, 368, 369, 404, 405, 440, 405, 406, 371, 336, 301, 266, 265, 266, 301]
[366, 401, 436, 471, 470, 505, 540, 575]
[648, 649, 650, 685, 720, 719, 720, 721, 720]
[291]
[576, 575, 610, 575, 574, 573, 608, 643, 642, 641, 606]
[1, 36, 37, 2, 3, 4]
[693, 658, 657, 692, 691, 690, 725, 760, 795, 794, 793, 828, 827, 826, 791, 790, 789, 824, 789, 788]
[431, 430, 395, 360, 359, 324, 325, 324, 323]
[755, 754, 789, 754, 719, 718, 717, 716, 681, 646, 611, 576, 575, 610, 575, 574, 573, 538]
[467, 502, 537, 572, 607, 642, 643, 678, 713, 748, 783, 818, 853, 852, 887, 886, 851, 816, 817, 816]
[681, 682, 647, 612, 613, 648, 649, 614]
[477, 478, 443, 478, 443, 442, 407, 406, 441, 406, 405, 404, 369, 368, 403, 402, 401, 400, 399, 434, 433, 468, 538, 537, 502, 537, 538, 503, 504, 539, 574]
[676, 641, 642, 643, 644, 609, 574]
[754, 789, 790, 755, 790, 791, 826, 861, 896, 931, 966, 1001, 1036, 1071, 1070, 1105, 1140, 1175, 1176, 1175]
[721, 686, 651, 652, 617, 582, 581, 616, 581, 616, 615, 650, 685, 686, 721, 756, 757, 722, 721]
[788, 789, 754, 719, 684, 649]
[823, 788, 789, 824, 789, 790, 791, 826, 827, 828, 793, 794, 795, 760, 725, 690, 655, 654, 619, 584, 549, 514, 479, 478, 443, 442, 407, 372, 337, 302, 267, 232, 197, 162, 163, 128, 93, 58, 93, 92, 91, 56, 55, 54, 19, 18, 17, 13, 12, 11]
[479, 514, 513]
[580, 581, 616, 651, 686, 721, 722, 687, 688, 723, 724]
[573, 538, 539, 504, 503, 468, 433, 434, 399, 400, 401, 402, 403, 368, 369, 404, 405, 406, 407, 442, 443, 478, 479, 514, 549, 584, 619, 654, 689, 724, 723]
[724, 723, 758, 757, 756, 755, 754, 789, 790, 755]
[754, 719, 718, 717, 716, 681, 646, 645, 644, 643, 642, 641, 676, 675, 674, 673, 638, 637, 602, 603, 568]
[576, 611, 612, 613, 648, 649, 684]
[642, 641, 642, 643, 644, 609, 574, 575, 540, 575]
[757, 722, 723, 724, 759, 760, 725, 724, 725, 760, 759, 794, 829, 830, 829, 864, 899, 898, 933, 968, 967, 966, 1001, 1000, 999, 1034, 1033, 1032, 1067, 1066, 1101, 1136, 1171, 1206]
[796, 795, 796, 761, 760, 795, 794, 793, 828, 827, 826, 791, 790, 789, 824]
[684, 719, 720, 721, 756, 757, 722, 757]
[601, 602, 637, 638, 673, 674, 675, 676, 641, 642, 643, 644, 645, 646, 681, 716, 717, 752, 753, 754, 719]
[788, 789, 754, 719, 720, 685, 650, 649, 614, 579, 544, 545, 510, 475, 476]
[681, 646, 645, 680, 679, 678, 643, 608, 607, 572, 537, 502, 503, 468, 433, 432, 397, 396, 361, 326, 325, 290, 255, 254, 219, 184, 183, 148, 149, 114, 79, 80, 45, 10, 11]
[753, 754, 789, 790, 755, 756]
[474, 509, 544, 579, 614, 613, 648, 649, 684, 719, 684, 649, 614, 579, 544, 545, 580, 581, 616, 615]
[1000, 1035, 1070, 1105, 1140, 1175, 1174, 1173, 1172, 1137, 1136, 1135, 1100, 1065, 1064, 1029, 994, 959, 924, 889, 854, 819, 784, 749, 748, 713, 678, 643, 608, 607, 572, 537, 502, 503, 468, 433, 432, 397, 396, 361, 326, 325, 290, 255, 254, 219, 218, 183, 148, 149, 114, 79, 80, 45, 10, 11, 12, 11]
[824, 789, 790, 791, 826, 827, 828, 793, 794, 795, 760, 725, 690, 655, 654, 619, 584, 549, 514, 549, 514]
[266, 301, 302, 303, 304, 269, 234, 235, 200, 165, 130, 95, 60, 61, 26, 27]
[788, 789, 754, 789, 790, 755, 790, 791, 826, 861, 860, 861, 896, 931, 932, 967, 1002, 1003, 1038, 1039, 1040, 1075, 1110]
[717, 752, 753, 754, 719, 720, 721, 722, 687, 688, 723, 724, 723, 724, 759, 760, 725, 724, 725, 690, 691, 656, 621, 622, 587, 588, 623, 658, 623, 624, 589, 554]
[753, 754, 789, 790]
[755, 754, 719, 684, 685, 686, 685, 650, 615, 616, 581, 546]
[603, 568, 569, 570, 535, 536, 537, 538, 573, 538, 539, 504, 505, 540, 505, 506, 507, 542, 543, 544, 545, 580, 581, 616, 651, 686, 721, 722, 687]
[467, 502, 503, 504, 505, 540, 505, 506, 507, 542, 543, 544, 579, 614, 613, 648, 649, 685, 650]
[686, 721, 720, 685, 650, 649]
[300, 335, 334, 369, 404, 403, 402, 437, 472, 507, 542, 577, 576, 577, 576, 611]
[535, 570, 569]
[585, 584, 583, 618, 617, 652, 651, 686, 721, 720, 685, 684, 683]
[514, 513, 548, 547, 546, 545, 544, 579, 614, 649, 684, 719]
[685, 684, 719, 754, 789, 788, 789, 824, 859, 858, 857, 892, 893, 928, 893, 894, 893, 894, 893, 894]
[461, 462, 497, 498, 499, 500, 535, 536, 537, 572, 537, 502, 503, 468, 433, 434, 399, 400, 401, 402, 367, 332, 297, 298, 263, 264, 265, 266]
[685, 720, 719, 684, 683, 648, 647, 612, 611, 576, 611, 612, 647, 648, 683, 684, 719, 718, 717, 716, 681, 646, 645, 644, 643, 642, 641, 676, 675, 710]
[613, 612, 577, 576, 541, 506, 505, 504, 503, 468, 433, 432, 397, 396, 361, 326, 325, 290, 255, 254, 219, 218, 183, 148, 149, 114, 79, 80, 45, 10, 11, 12, 11]
[754, 719, 718, 717]
[611, 576, 611, 612, 647, 682, 717, 752, 753, 788, 823, 788, 789, 824, 789, 790, 791, 826, 827, 828, 793, 794, 759]
[718, 717, 682]
[404, 439, 474, 509, 544, 545, 580, 581, 616, 617, 618, 619, 584, 583, 618]
[266, 301, 302, 303, 304, 269, 234, 235, 200, 165, 130, 95, 60, 61, 26, 27]
[753, 788, 753, 754, 719, 720, 721, 686, 685, 650, 615]
[788, 753, 754, 719, 684]
[754, 719, 718, 717, 716, 681, 646, 645, 644, 643, 642, 641, 676, 675, 674, 673, 638, 637, 602, 603]
[719, 754, 789, 790, 755, 790, 791, 826, 861, 896, 895, 896, 931, 966, 1001, 1000, 999, 998]
[545, 580, 615, 650, 649, 684]
[754, 719, 684, 685]
[754, 719, 684, 649, 614, 579, 544, 545, 580, 581]
[823, 788, 789, 824, 859, 858, 857, 892, 893, 928, 927, 962, 997, 998, 1033]
[399, 434, 469, 470, 505, 540, 575, 610, 611, 612, 647]
[429, 464, 465, 500, 465, 466, 467, 502, 503, 504, 505, 540, 505, 506, 507, 542, 543, 544, 579, 614, 613, 648, 649]
[540, 541, 506, 471, 436, 437, 402, 403, 368, 369, 404, 405, 406, 407, 442, 443, 478, 479, 514, 549, 584, 619, 654, 689, 724]
[514, 513, 478, 443, 442, 407, 406, 405, 404, 369, 368, 403, 402, 401, 400, 399, 434, 433, 468]
[755, 720, 719, 718, 717, 716, 681, 646, 645, 680, 679, 678, 643, 642, 607, 572, 537, 502, 503, 468]
[538, 539, 504, 505, 540, 575, 610, 645, 680, 715, 750, 751, 752, 787, 788, 823, 788, 789, 824]
[267, 268, 233, 198, 233, 234, 269, 304, 303, 268, 267]
[642, 641, 606, 571, 536, 535, 536, 501, 502, 467, 466]
[604, 639, 674, 675, 676, 711, 712, 713, 714, 715, 750, 751, 752, 753, 754, 753]
[684, 649, 614, 579, 544, 545, 510, 475, 440, 405, 404, 369, 368, 403, 402, 401, 400, 399, 434, 433, 468, 433, 432, 397, 362, 361, 326, 325, 290, 289, 288, 287, 322, 321]
[861, 862, 861, 862, 861, 862, 861, 826, 825, 790, 789, 754, 753, 718, 717, 682, 681, 646, 645, 610, 609, 574, 573, 538, 573, 574, 609, 610, 645, 646, 681, 682, 717, 718, 753, 754, 789, 790, 825, 826, 861, 862, 861, 896, 931, 966, 1001, 1000, 999, 1034, 1033, 1032, 1067, 1066, 1101, 1136, 1171, 1206]
[576, 575, 610, 645]
[724, 723, 724, 723, 724, 759, 760, 725, 690, 655, 654, 619, 584, 549, 514, 479, 478, 443, 442, 407, 406, 405, 440, 475]
[724, 723, 724, 759, 760]
[467, 502, 503, 504, 503, 468, 433, 434, 399, 400, 401, 402, 403, 368, 369, 404, 405, 406, 441, 406, 407, 442, 443, 478, 479, 514, 549, 584, 619, 654, 689, 724, 723, 724]
[755, 720, 719, 718, 717, 682]
[685, 684, 649, 650, 615, 616, 581, 546, 547, 512, 477, 478, 443, 444, 409, 374, 375, 340, 305, 306]
[436, 471, 470, 505, 504, 503, 468, 433, 432, 397, 396, 361, 326, 325, 290, 255, 254, 219, 218, 183, 218, 217, 252, 251, 250, 249]
[684, 649, 614, 579, 544, 545, 510, 475, 440, 405, 404, 369, 368, 403, 402, 401, 400, 399, 434, 433, 468, 433, 432, 397, 396, 361, 326, 325, 290, 255, 254, 219, 218, 183, 182, 147, 146, 181, 180, 179, 178, 213]
[754, 719, 720, 685, 650, 615, 580, 545, 510, 511, 476, 477, 478, 443, 408, 373, 374, 339, 304]
[684, 719, 720, 721]
[542, 577, 612, 613, 648, 649]
[753, 754, 719, 720, 685]
[266, 301, 266, 301, 266, 301, 302, 267, 232, 197, 162, 163, 128, 93, 94, 59, 60, 61, 62, 63, 28, 29, 64, 65, 30]
[708, 709, 710, 711, 676, 677, 642, 607, 572, 607, 572, 537, 502, 503, 468, 433, 434, 399, 400, 401, 402, 367, 332, 367]
[724, 723, 724, 759, 760, 725, 690, 655, 654, 619, 584, 549, 514, 479, 478, 443, 442, 407, 406, 405, 404, 369, 368, 403, 402, 401, 400, 399, 434, 433, 468, 503, 502, 501, 536, 535, 500, 499, 464, 465, 500]
[408, 373, 408, 443, 478, 477, 476, 511, 510, 545, 544, 579, 614, 649, 684, 719, 718]
[719, 754, 789, 790, 755, 790, 791, 826, 861, 896, 895, 896, 931, 966, 1001, 1036, 1071, 1106, 1107, 1142, 1143, 1178, 1179, 1180, 1145, 1144, 1109, 1144]
[862, 861, 862, 861, 896, 895, 860, 861, 826, 791, 790, 755, 756, 757, 722, 723, 724]
[443, 478, 513, 514, 549, 584, 619, 654, 689, 724]
[428, 393, 428, 393, 394, 429, 428, 463, 498, 499, 534, 569, 604]
[685, 684, 649, 614, 579, 544, 545, 510, 511, 476, 477, 478, 443, 408, 373, 374, 339, 304, 303, 268, 233, 198, 197, 162, 163]
[707, 672, 671, 636, 637, 636, 601]
[719, 754, 753, 788, 823, 788, 789, 824, 789, 790, 791, 826, 827, 828, 793, 794, 759, 760, 725, 690, 655, 654, 619, 584, 549, 514, 479, 478, 443, 442, 407, 372, 337, 302, 267, 232, 197, 162, 163, 128, 93, 58, 93, 92, 91, 56, 55, 54, 53, 18, 17, 13, 12, 11]
[754, 719, 720, 685, 650, 615, 580, 581, 582, 547, 512]
[755, 790, 789, 790, 755, 756, 721, 686, 651, 652, 617, 582, 547, 548, 513, 478, 443]
[754, 719, 684, 649, 614, 579, 544, 545, 510, 475, 440, 405, 404, 369, 368, 403, 402, 401, 400, 399, 434, 433, 468, 433, 432, 397, 362, 361, 326, 325, 324, 323, 358, 357, 392, 357, 358]
[721, 720, 685, 684, 649, 614, 579, 544, 579]
[544, 579, 614, 613, 612, 647, 648, 683, 682]
[514, 549, 514, 513, 548, 547, 546, 545]
[755, 720, 719, 684, 649, 614, 579, 544]
[640, 605, 570, 535, 536, 535, 500, 501, 466]
[724, 723, 688, 687, 722, 721, 720, 685, 650, 649, 614, 613, 612, 611, 576, 575, 610, 575, 574, 573]
[684, 719, 754, 753, 788, 823, 788, 823]
[724, 723, 724, 759, 760, 759, 794, 793, 828, 827, 826, 791, 790, 789, 824, 789, 788, 789, 754, 789, 790, 755]
[651, 650, 615, 650, 649]
[754, 719, 718, 717, 716, 681, 646, 645, 644, 643, 642, 641]
[754, 719, 718, 717]
[788, 753, 718, 717, 716, 681, 646, 645]
[614, 579, 580, 545, 580, 581, 616, 617]
[647, 612]
[754, 719, 754, 753, 788, 823, 788, 789, 824, 789, 790, 791, 826, 827, 828, 793, 828, 829, 864, 899, 900, 935, 970, 971, 1006, 1041, 1042, 1077, 1112, 1113, 1148, 1183, 1184, 1219, 1184, 1183, 1148, 1113, 1112, 1077, 1042, 1041, 1006, 971, 970, 935, 900, 899, 864, 829, 828, 793, 794, 795, 760, 795, 796]
[754, 719, 684, 649, 614, 579, 544, 545, 510, 475, 476, 477, 442, 477, 478, 443, 408, 373]
[535, 536, 537, 572, 607, 642, 643, 678, 713, 678, 679, 680, 645, 646, 681, 716, 717, 752, 753]
[918, 919, 920, 921, 886, 887, 888, 853, 818, 783, 748, 749, 784, 749, 748, 713, 678, 679, 680, 645, 646, 681, 716, 717, 752, 753]
[505, 540, 575, 610, 611, 646, 681, 716, 717, 752, 753]
[605, 604, 569, 570, 535, 536, 537, 538, 573, 574, 575, 610, 611, 646, 681, 716, 717, 752, 753, 754]
[550, 585, 584, 549, 514, 515, 514, 479, 478, 443, 442, 407, 406, 405, 370, 369, 334, 299, 264, 265, 266, 301]
[473, 474, 439, 404, 403, 368, 369, 334, 299, 264, 265, 266]
[637, 638, 637, 602, 601, 566, 531, 530, 495, 530]
[754, 719, 718, 717, 716, 681, 646, 645, 644, 643, 644, 679, 680, 715, 716, 751, 752, 787, 788, 787, 752, 751, 716, 715, 680, 679, 644, 643, 642]
[254, 255, 290, 325, 326, 361, 396, 397, 432, 433, 468]
[545, 510, 511, 476, 477, 478, 443, 408, 373, 374, 339, 304, 303]
[608, 643, 642, 677, 712]
[717, 752, 753, 754, 719, 720, 685]
[470, 505, 540, 505, 506, 507, 542, 543, 544, 579, 614, 613, 648, 649, 650]
[389, 390, 391, 392, 357, 358, 323, 324, 359, 394, 429, 430, 465, 500]
[430, 465, 464, 499, 534]
[538, 537, 502, 503, 504, 505, 540, 505, 506, 507, 542, 543, 544, 545, 580, 581, 582]
[514, 513, 548, 549, 584, 549, 514, 549, 584, 619, 654, 655, 690, 725, 724, 759, 794, 829, 830, 829, 864, 899, 898, 933, 932, 967, 1002, 1001, 1000]
[542, 577, 576, 541]
[576, 577, 542, 543, 544, 509, 474, 439, 404, 405, 406, 371, 336, 301, 266]
[117, 118, 117, 118, 153, 188, 189, 190, 155, 156, 191, 226, 261, 262, 297, 332, 367, 402, 403, 368, 369, 404, 405, 440, 439, 474, 509]
[266, 301, 302, 303, 304, 269, 234, 235, 270]
[823, 788, 789, 824, 789, 790, 791, 826, 827, 828, 793, 794, 795, 760, 725, 690, 655, 654, 619, 620, 655, 654, 689, 688, 723, 722, 757, 792, 791, 826, 825, 860]
[724, 723, 724, 759, 760, 725, 690, 655, 654, 619, 584, 549, 514, 479, 478, 443, 442, 407, 406, 405, 404, 369, 368, 403, 402, 401, 400, 399, 434, 433, 398, 363, 362, 327, 292]
[538, 539, 504, 503, 468, 503, 502, 537, 572, 607, 642, 643, 678, 713, 748, 749, 784, 819, 854, 889, 924, 959, 994, 1029, 1064, 1065, 1100, 1135, 1136, 1101, 1066, 1067, 1032, 1033, 1034, 999, 1034, 1035, 1000]
[642, 641, 642, 607, 572, 573, 538, 539, 504, 505, 540, 505, 506, 507, 542, 543, 544, 545]
[304, 339, 374, 373, 408, 443, 442, 441, 440, 475, 510, 475, 474, 509]
[717, 682, 647, 612, 611, 576, 611]
[859, 824, 789, 788, 789, 754, 719, 718, 717, 752, 753]
[467, 466, 501, 500, 535, 570, 569, 568, 603, 602, 601]
[755, 720, 719, 718, 717, 716, 681, 646, 645, 644, 643, 642, 641, 676, 675, 674, 673, 638]
[637, 602, 603, 568, 569, 570, 535, 536, 537, 572, 537, 502, 503, 468, 433, 434, 399, 400, 401, 402, 403, 368, 369, 404, 405, 406, 441, 406, 407, 442, 443, 478, 479, 514, 515, 480, 481, 446, 481]
[712, 711, 710, 709, 708, 707, 672, 671, 636, 601, 566, 565, 530, 495, 460, 459, 424, 425, 390, 389, 354, 319, 284, 249, 248]
[159, 124, 125, 126, 91, 56, 21, 22]
[576, 577, 542, 543, 544]
[576, 541, 506, 505, 504, 503, 468, 433, 432, 397, 362, 361, 326, 325, 324, 323, 358, 323, 324, 359, 360, 359, 324]
[610, 645, 646, 611, 576, 541, 506, 505]
[717, 716, 681, 646, 645, 644, 643, 677, 642, 643, 644, 645, 646, 647, 682]
[788, 823, 788, 787, 752, 751, 750, 715, 680, 681, 646, 645, 644, 609, 574, 573, 538, 537, 536, 501, 502, 467, 432, 433, 468, 503, 504, 503, 468, 469, 434, 435, 436, 401, 366]
[754, 753, 788, 823, 788, 789, 824, 859, 858, 857, 892, 893, 928, 927, 962]
[639, 674, 673, 674, 675, 676, 641, 642, 643, 644, 609, 574, 575, 610]
[611, 576, 577, 542, 543, 544, 545, 580, 581]
[572, 607, 608, 643, 644, 645, 646, 681, 716]
[754, 719, 718, 717, 716, 681, 646, 645, 680, 679, 678, 713, 678, 713, 748, 783, 748, 749, 784, 819]
[755, 790, 789, 790, 755, 756, 721, 686, 685, 650, 615, 616, 581, 582, 547, 546]
[476, 511, 510, 545, 544, 543, 508, 543, 544, 543, 508, 507, 508, 473]
[681, 646, 645, 680, 679, 678, 643, 608, 607, 572, 537, 502, 503, 468, 433, 432, 397, 396, 361, 326, 325, 290, 255, 254, 219, 220]
[332, 367, 368, 403, 404, 439, 438, 439, 474, 509, 544, 579, 614, 649]
[754, 719, 684, 649, 614, 579, 544, 545, 510, 475, 476, 477, 442, 477, 478, 443, 408, 373, 374, 339]
[535, 536, 537, 538, 573, 574, 575, 540]
[568, 569]
[724, 723, 724, 723, 724, 759, 760, 725, 690, 655, 654, 619, 584, 549, 514, 479, 478, 443, 442, 407, 406, 405, 404, 369, 368, 403, 402, 401, 400, 399, 434, 433, 468, 503, 502, 537, 572, 537, 538, 573, 572]
[573, 608, 643, 644, 679, 678, 713, 748, 783, 748, 749, 784, 819, 820, 855, 856, 891, 926, 961, 996, 997, 996, 997, 1032, 997, 998, 997, 962]
[576, 577, 612, 613, 648, 649, 684, 719, 754, 789, 790, 791, 826, 861, 860, 859, 894, 895, 930, 929, 964, 999]
[754, 719, 684, 649, 614, 579, 544, 545, 510, 475, 476, 477, 442, 477, 478, 443, 408, 373]
[642, 641, 676, 675, 674, 673, 638, 637, 602, 637, 636, 601, 566, 565, 530, 495, 460, 459, 424, 425, 390, 389, 354, 319, 284]
[579, 614, 649, 684, 719, 718, 717, 716, 681, 646, 645, 680, 679, 678, 713, 678, 713, 748, 783, 748, 749, 784, 819, 820, 855, 856]
[751, 752, 787, 752, 751, 750, 715, 680, 645, 646, 645, 644, 609, 574, 573]
[339, 304, 339, 338, 339, 374, 373, 374, 375]
[586, 621, 656, 691, 690, 725, 724, 725, 760, 795, 794, 793, 828, 827, 826, 791, 790, 789, 824]
[717, 752, 787, 788, 823, 788, 789, 824, 789, 790, 791, 826, 827, 828, 793, 794, 795, 760, 725, 690, 691, 656, 621, 622, 587, 552, 517, 482, 483, 448, 413, 414, 415, 416, 381, 416]
[576, 575, 610, 645, 644, 643, 642, 641, 676, 641, 676, 675, 676, 711, 710, 709, 708]
[545, 510, 475, 440, 405, 404, 369, 368, 403, 402, 367, 332, 297, 262, 261, 226, 191, 192, 157, 156, 155, 190, 189, 154, 119, 84, 83, 118, 117]
[755, 754, 789, 754, 719, 684]
[576, 575, 610, 611, 646, 681, 716, 717, 752, 753, 754, 789, 790, 755]
[436, 471, 506, 507, 542, 543, 544]
[824, 823, 788, 789, 754, 719, 718, 717, 716, 681, 646, 611, 576, 541, 506, 471, 436, 401, 366, 331, 330, 295]
[724, 723, 724, 723, 724, 759, 760, 725, 690, 655, 654, 619, 584, 549, 514, 479, 478, 443, 442, 407, 406, 405, 404, 369, 368, 403, 402, 401, 400, 399, 434, 433, 468, 467, 502, 537, 572, 607, 642, 643, 678, 713, 678, 679, 680, 645, 610, 611]
[686, 721, 722, 687, 652]
[858]
[716, 717, 752, 753, 754, 789, 790, 755, 720, 719]
[546, 581, 546, 511, 476, 441, 406, 371, 336, 301, 266, 265, 266, 301]
[611, 576, 541, 506, 471, 470, 435]
[717, 682, 647, 612, 611, 576, 541, 506, 505, 540]
[724, 723, 688, 687, 686, 721, 720, 685, 720, 719, 718, 753]
[724, 723, 724, 759, 760, 725, 690, 655, 654, 619, 584, 549, 514, 479, 478, 443, 442, 407, 406, 405, 404, 369, 368, 403, 402, 401, 400, 399, 434, 433, 468, 503, 502, 537, 572, 537, 538, 573, 574]
[576, 577, 542, 577, 542, 541, 540, 505, 504, 503, 468, 467, 432, 431, 432, 467, 468, 469, 504, 505, 506, 541, 542, 507, 472, 437, 402, 367, 368, 333, 298]
[548, 513, 514, 515, 516, 551, 586, 621, 622, 657, 692, 693]
[610, 611, 576, 611, 612, 613, 648, 649, 614, 579, 580, 615, 614, 615, 614, 649]
[548, 513, 478, 443, 408, 373, 338, 337, 336, 301, 266, 301, 266]
[721, 720, 685]
[304, 269, 234, 235, 200, 165, 200, 235, 234, 269, 304, 339, 374, 373, 408, 443, 478, 477, 476, 511, 510, 545, 544, 543, 508, 507, 506, 505, 504, 539, 574]
[719, 718, 717, 716, 681, 646, 611, 576, 541, 540]
[788, 823, 788, 787, 752, 751, 750, 715, 714, 713, 712]
[788, 789, 754, 719, 720, 685, 650, 615, 580, 545, 580, 545, 580, 581, 546]
[577, 576, 541, 506, 505, 504, 503, 468, 433, 432, 397, 396, 361, 326, 325, 290, 255, 254, 219, 218, 183, 218, 217, 252, 251, 252, 287]
[545, 580, 615, 650]
[754, 719, 684, 685, 650, 615]
[721, 720, 685, 720, 719, 718, 717]
[620, 585, 584, 549, 514, 513, 512, 511, 476, 477, 442, 477]
[648, 649, 614, 579, 544, 545, 580, 581]
[753, 718, 717, 716, 681]
[266, 265, 264, 263, 262, 297, 296, 295, 260, 225, 190, 155, 120, 85, 50, 49, 14, 13, 12, 47, 46, 11]
[535, 536, 537, 538, 573, 538, 573, 538, 539, 504, 505, 540, 505, 506, 507, 542, 543, 544, 545, 580, 581, 616, 651, 686, 721, 720, 755, 720]
[718, 753, 754, 753, 788, 823, 788, 789, 824, 789, 790, 791, 826, 827, 828, 793, 794, 795, 760, 795, 796]
[754, 719, 754, 789, 788, 823, 788, 789, 824]
[754, 753, 788, 823, 824, 859, 858, 857, 892, 893, 928, 963]
[716, 681, 680, 715, 714, 713, 712, 677, 642, 641, 676, 675, 674, 673, 638, 637, 602, 603, 568, 569, 568, 533, 532, 497]
[611, 576, 575, 576, 541, 506, 505, 504, 503, 502, 467, 502, 501, 536]
[717, 716, 681, 646, 645, 644, 643, 642]
[726, 691, 692, 691, 690, 725, 760, 725, 724, 759, 794, 795, 830, 865, 900, 935, 970, 971, 1006, 1041, 1076, 1111, 1146, 1147, 1182, 1217]
[787, 788, 823, 788, 753, 718]
[719, 718, 717, 716, 681, 680, 715, 714, 713, 712, 711, 710, 675, 640, 639, 604, 603]
[755, 754, 789, 790, 755, 790, 791, 826, 861, 860, 895, 896, 931, 966, 1001, 1036, 1071, 1106, 1107, 1142, 1143, 1178, 1179, 1180, 1215, 1216, 1220, 1185, 1150, 1185, 1220]
[684, 649, 614, 649, 684, 719, 718, 683]
[642, 607, 572, 607, 572, 537, 502, 503, 468, 433, 434, 399, 400, 401, 402, 403, 368, 369, 404, 405, 406, 441, 406, 407, 442, 443, 478, 479, 514, 515, 516, 551, 550, 585]
[788, 789, 754, 719, 718, 717, 682]
[681, 646, 645, 680, 679, 678, 713, 748, 783, 748]
[339, 374, 373, 408, 443, 478, 477, 512, 511, 546, 581, 616, 615, 650]
[499, 534, 499, 500, 535, 536, 537, 538, 573, 574]
[685, 720, 719, 718, 717, 716, 681, 646, 645, 644, 609, 574, 573, 538, 537, 536, 535, 500, 499, 498, 497, 462, 461]
[542, 577, 576]
[687, 652, 651, 650, 615, 616, 581, 580]
[643, 644, 679, 678, 713, 748, 749, 784, 819, 854, 889, 924, 959, 994, 1029, 1064, 1065, 1100, 1135, 1136, 1101, 1066, 1067, 1032, 1033, 1034, 999, 1000, 1001]
[754, 719, 718, 717, 716, 681, 646, 645, 644, 679]
[719, 718, 683, 648, 613, 612, 577, 612, 647, 682, 717, 716, 681, 646, 645, 644, 643, 642, 641, 676, 675, 640, 639, 638, 639, 604]
[11, 46, 11, 12, 13, 17, 16, 51, 86, 121, 156, 191, 226, 261, 262, 297, 332, 297, 262, 263, 264, 265, 266, 301, 336, 335, 300, 301]
[507, 508, 507, 542, 577, 576, 577, 576, 611]
[754, 719, 718, 717, 716]
[476, 477, 478, 443, 408, 373, 374]
[545, 580, 581, 616, 651, 686, 721]
[717, 752, 753, 754]
[788, 823, 788, 787, 752, 751, 750, 715, 680, 681, 646, 611]
[552, 551, 586, 551, 516, 515, 480, 515, 514, 479, 478, 443, 442, 407, 406, 405, 404, 369, 368, 403, 402, 367, 402, 437, 436, 471, 470]
[537, 538, 537, 538, 573, 574, 575, 610, 611, 646, 681, 716, 717]
[724, 723, 722, 757]
[368, 369, 370, 405, 440, 441, 442, 477, 476, 477]
[575, 540, 505, 506, 505, 504, 503, 468, 433, 432, 397, 396, 361, 326, 325, 290, 255, 254, 219, 218, 183, 148, 149, 114, 79, 80, 45, 10, 11, 12, 11]
[327, 326, 361, 396, 397, 432, 433, 468, 503, 502, 537, 572, 607, 642, 643, 678, 713, 748, 783, 748, 749, 784, 819, 820, 855, 856, 891, 856, 855, 820, 785, 750, 749, 714, 679, 678, 643, 608, 573, 572, 537, 502, 467, 466, 431, 396, 431, 466, 467, 502, 537, 572, 573, 608, 643, 678, 679, 714, 749, 784, 785, 820, 855, 890, 891, 926, 925, 924]
[514, 513, 548, 547, 582, 617, 652, 651, 686, 651]
[718, 683, 648, 649, 614]
[304, 305, 306, 341, 376, 341]
[650, 649, 650, 615, 580, 545, 580, 545, 580, 581, 582, 547, 548, 583]
[304, 303, 302, 267, 266, 265, 264, 263, 262, 297, 296, 295, 330, 295, 294, 259, 258, 257, 292, 291, 326, 325, 290, 289, 288, 287, 322, 321]
[408, 373, 374, 339, 304, 269, 234, 235, 200, 165, 200]
[724, 723, 724, 723, 724, 759, 760, 725, 690, 655, 654, 619, 584, 549, 514, 479, 478, 443, 442, 407, 406, 405, 404, 369, 368, 403, 402, 401, 400, 399, 434, 433, 468, 503, 502, 537, 572, 607, 642, 641, 676, 675, 640, 639, 604, 639, 604, 639, 674, 673, 674, 675, 676, 677, 678, 679, 680, 681, 682, 683, 684, 649, 650, 651, 652, 653, 654, 655, 690, 689, 688, 687, 686, 685, 684, 683, 682, 681, 680, 679, 678, 713, 712, 711, 710, 709, 708]
[754, 719, 754, 789, 790, 791, 826, 861, 896, 895, 896, 931, 966, 1001, 1000]
[684, 719, 684, 649, 614, 613, 612]
[163, 162, 197, 198, 233, 232, 231, 266, 265, 300, 335, 334, 369, 404, 439, 474, 509, 544, 579, 614, 649, 684, 719, 718, 717]
[724, 723, 724, 759, 760, 725, 690, 655, 654, 619, 584, 549, 514, 479, 478, 443, 442, 407, 406, 405, 404, 369, 368, 403, 402, 401, 400, 399, 434, 433, 468, 503, 502, 537, 572, 607]
[717, 682, 647, 612, 577, 576, 541, 506, 471, 436, 401, 366, 331, 330, 295, 296, 261, 296, 295]
[266, 301, 336, 371, 406, 405, 440, 475, 474, 509, 544, 579, 614, 649, 684, 719]
[645, 646, 681, 716, 717, 752, 753, 754, 789, 790, 755, 790, 755, 756, 757, 722, 723, 724]
[89, 124, 159, 194, 229, 228, 263, 298, 333, 368, 403, 404, 439, 438, 439, 474]
[573, 538, 539, 574, 575, 610, 645, 646]
[640, 639, 674, 675, 676, 711, 712, 713, 714, 715, 750, 751, 752, 787]
[717, 682, 647, 612, 613, 648, 649, 614, 579, 544, 545, 510, 475, 440, 405, 404, 369, 368, 333]
[266, 301, 336, 335, 300, 335, 334, 369, 404, 439, 474, 473, 508]
[713, 714, 715, 750, 751, 752, 787, 788, 823, 788, 789, 754]
[823, 788, 789, 754, 719, 720, 685, 650, 649, 614, 613, 612]
[684, 719, 684, 649, 614, 579, 544, 545, 544, 509, 508, 543]
[575, 610, 645, 680, 679, 678, 713, 678, 713, 748, 783, 748, 749, 784, 819, 820, 855, 856, 891, 926, 961, 996, 997, 996, 1031]
[784, 783, 748, 749, 784, 749, 748, 713, 678, 643, 642, 607, 572, 537, 502, 503, 468, 433, 434, 399, 400, 401, 402, 403, 368, 369, 404, 405, 440, 475, 510, 511, 546]
[645, 644, 643, 642, 641, 676, 675, 640, 605, 570]
[858, 859, 824, 789, 788, 823, 788, 787, 752, 751, 750, 715, 680, 681, 646, 645, 644, 609, 574, 573]
[681, 646, 645, 680, 679, 678, 643, 642, 607, 572, 537, 502, 503, 468, 433, 434, 399, 400, 401, 402, 403, 368, 369, 404, 405, 406, 407, 442, 443, 478, 479, 514, 549, 584, 619, 654, 689, 724]
[754, 719, 684, 649, 614, 579, 544, 545, 510, 475, 440, 405, 404, 369, 368, 403, 402, 401, 400, 399, 434, 433, 468, 503, 502, 537, 536, 535, 500, 499, 498, 497, 462, 461, 460, 459, 460, 495, 530, 565]
[300, 335, 334, 369, 370, 405, 440, 441, 406, 407, 442, 443, 478, 479, 514, 549, 584, 619, 654, 655, 690, 725, 724, 725, 760, 759, 724, 723, 724]
[573, 538, 539, 504, 505, 540, 505, 506, 507, 542, 543, 544, 579, 614, 613, 648, 649, 650, 685]
[684, 649, 614, 579, 544, 545, 510, 475, 440, 405, 404, 369, 368, 403, 402, 401, 400, 399, 434, 433, 468, 433, 432, 397, 362, 361, 326, 325, 324, 289, 324, 323, 358, 357, 392, 391]
[645, 680, 679, 678, 713, 678, 713, 748, 783, 748, 749, 784, 785, 820, 855, 856, 891, 926, 961, 996, 997, 1032, 997, 998, 997, 962, 963, 964, 929, 894, 895, 860, 861]
[398, 433, 432, 433, 468, 433, 434, 399, 400, 401, 402, 403, 368, 369, 404, 405, 440, 475, 510, 475, 510]
[643, 642, 641, 676, 675, 640, 639, 604, 569, 568, 533]
[611, 576, 577, 576, 541, 506, 471, 506, 507, 542, 577, 578, 613, 648, 649, 684, 719, 754, 755, 754, 719, 684, 649, 648, 613, 578, 577, 542, 507, 506, 471, 436, 437, 402, 403, 368, 369, 404, 405, 406, 441, 406, 407, 442, 443, 478, 443, 444, 409, 374, 339, 304, 305, 306, 307, 308]
[823, 788, 787, 752, 751, 750, 715, 680, 681, 646, 645, 680, 679, 678, 713, 678, 713, 678, 713, 748, 783, 748]
[751, 750, 715, 680, 681, 646, 645, 644, 609, 574, 573, 538]
[724, 723, 688, 687, 652, 653, 618, 619, 584, 549, 514, 479, 478, 443, 442, 407, 406, 405, 404, 369, 368, 403, 402, 401, 400, 399, 434, 433, 468, 503, 538, 537]
[788, 789, 754, 719, 684, 649, 614, 579]
[358, 323, 324, 325, 326, 361, 396, 397, 432, 433, 468, 503, 502, 537, 572, 607, 642, 643, 678, 713, 748, 783, 818, 817, 782, 817, 816, 817, 852, 851, 886, 887, 922, 957, 958, 959, 994, 995, 994, 959, 924, 889, 854, 819, 784, 749, 748, 713, 678]
[791, 756, 755, 720, 755, 720, 719, 754, 753, 788, 823, 788, 789, 824, 859, 858]
[722, 721, 686, 651, 652, 617, 582, 547, 548, 513, 478, 443, 444, 409, 374, 339, 304, 269, 270, 235]
[574, 573, 608, 573, 572, 607, 572, 537, 502, 503, 468, 433, 432, 397, 396, 361, 326, 325, 290, 255, 254, 219, 218, 183, 218, 217, 252, 251, 286, 285, 284]
[514, 513, 478, 443, 442, 407, 406, 405, 404, 369, 368]
[467, 502, 503, 504, 505, 540, 505, 506, 507, 542, 507]
[291, 326, 325, 326, 361, 396, 395, 430, 465, 464, 499, 534, 569, 568, 603, 602, 637, 638, 673]
[717, 752, 753, 754, 789, 790, 755, 756, 757, 758]
[585, 584, 583, 618, 653, 652, 687, 722, 721, 720, 685, 720, 719, 718, 717]
[614, 579, 544, 543, 508, 507, 506, 471, 436]
[755, 720, 719, 684, 649, 614, 579, 544, 545, 510, 475, 476]
[720, 719, 720, 685, 650, 651, 616, 581, 582, 547, 548, 513, 478, 479, 444, 409, 410, 375, 340, 341, 306, 307, 272, 237, 238, 203, 168, 169, 204, 203, 238, 273, 272, 307, 306, 341, 376, 375, 410, 445, 444, 479, 478, 513, 548, 547, 582, 581, 616, 651, 650, 685, 720, 719, 684, 685, 650, 651, 616, 617, 582, 547, 548, 513, 514, 479, 480, 445, 410, 411, 376, 377, 342, 343, 308, 307, 342, 341, 376, 375, 410, 409, 444, 479, 478, 513, 512, 547, 546, 581, 580, 615, 614, 649, 648, 683, 682, 717, 716, 681, 646, 611, 576, 575, 610]
[684, 719, 754, 719, 684, 649, 648, 649, 684, 719, 754, 753, 788, 823, 788]
[945, 944, 943, 908, 873, 872, 837, 802, 801, 766, 731, 696, 695, 660, 625, 624, 623, 588, 587, 586, 621, 586, 551, 516, 515, 514, 479, 478, 443, 442, 407, 406, 405, 440, 475, 510, 509, 544, 543, 508, 507, 506, 505, 504, 503, 468, 433, 398, 363, 362, 327, 362, 363, 328]
[724, 723, 722, 757, 756, 755]
[754, 719, 720, 685, 650, 649, 614, 579, 544, 545, 510, 475, 474, 509]
[932, 931]
[824, 823, 788, 789, 754, 719, 684, 683]
[649, 614, 579, 544, 545, 510, 511, 476, 477, 442, 443]
[573, 538, 573, 572, 607, 608, 643, 644, 645, 646, 681, 716, 717, 752, 753, 754, 789, 788]
[754, 719, 720, 721, 686, 651, 652, 617, 582]
[755, 754, 789, 790, 755, 756, 721, 686, 651, 652, 617, 652]
[477, 478, 443, 442, 407, 406, 405, 440, 475, 510]
[548, 513, 478, 443, 442, 407, 406, 405, 404, 369, 368, 367, 402, 401, 400, 399, 434, 433, 468, 503, 504, 505, 540, 575, 610, 645]
[720, 719, 718, 717, 716, 681, 646, 645, 644, 643, 642, 641, 676, 675, 710]
[717, 752, 753, 718, 717, 716, 681, 646, 645, 680, 679, 678, 643, 642, 607, 572, 537, 502, 503, 468, 433, 432, 431, 396]
[615, 650, 649, 684, 719, 718, 717, 716, 681, 646, 645, 680, 679, 678, 713, 678, 713, 748, 749, 784, 819, 854, 889, 924, 959, 994, 1029, 1064, 1065, 1100, 1135, 1136, 1171, 1206]
[684, 649, 614, 579, 544, 545, 510, 475, 440, 405, 404, 369, 368, 367, 402, 367, 332, 297, 262, 261, 226, 191, 156, 121, 86, 51, 16, 24, 59, 58, 93, 94, 59, 60, 61, 96, 61, 62, 63, 28, 63, 64, 65, 66, 31, 32, 67, 32, 33, 34, 35]
[266, 301, 336, 371, 406, 405, 440, 439, 440]
[719, 718, 717, 682]
[650, 615, 650, 649, 684, 719, 718, 753, 788, 823, 788, 789, 824, 859, 858]
[642, 641, 676, 675, 674, 673, 638, 637, 602, 637, 636, 601]
[542, 577, 612, 647, 648, 683, 718, 753, 788]
[327, 362, 363, 328, 327, 326, 361, 396]
[473, 474, 509, 544, 579, 614, 613, 648, 649, 684, 683, 718, 753, 788, 753]
[724, 723, 688, 687, 652, 651, 650, 615]
[539, 574, 575, 540, 575, 610, 645, 680, 679, 678, 713, 678, 713, 748, 749, 784, 819, 854, 889, 924, 959, 994, 1029, 1064, 1099, 1100, 1135, 1136, 1101, 1102, 1103, 1068, 1033, 1034, 1035, 1070, 1105, 1140, 1175, 1176, 1211, 1212]
[539, 538, 573, 538, 537, 536, 535, 570, 569, 568, 603, 604, 603, 638, 639, 604, 639, 604, 569, 570, 535, 536, 537, 538, 573, 574, 575, 610, 611, 612, 613, 648, 649, 614, 579, 614, 615, 650, 649, 685, 650]
[754, 719, 720, 755]
[505, 540, 505, 506, 507, 542, 543, 544, 579, 614, 649, 684, 719]
[409, 374, 409, 408, 407, 442, 441, 476, 475, 474, 509, 508, 507, 542, 541, 576, 575, 574, 609, 608, 607, 642]
[614, 579, 544, 543, 508, 507, 506, 505, 504, 539, 538, 573, 538, 537, 536, 535, 570, 569, 604, 639]
[610, 645, 680, 679, 678, 643, 644, 679, 678, 713, 678, 713, 748, 783, 748, 749, 750, 785, 786, 787, 822, 857, 858, 893, 928, 927, 962, 963, 964, 929, 928, 893, 858, 857, 822, 787, 786, 785, 750, 749, 748, 747, 782, 817, 816, 815, 816, 817, 782, 747, 748, 749, 750, 786, 787, 822, 857, 858, 859, 824, 789, 788, 823, 788, 789, 754]
[408, 407, 372, 373, 408, 443, 442, 407, 406, 405, 404, 369, 368, 367, 402, 401, 402, 437, 436, 401, 436]
[614, 649, 650, 649, 614, 579, 544, 545, 510, 475, 440, 405, 406, 441, 406, 407, 442, 443, 478, 443, 444, 409, 374, 339, 304, 339, 340, 341]
[719, 718, 753, 718]
[514, 549, 514, 513, 478, 443, 442, 407, 406, 405, 404, 403, 404, 439]
[754, 719, 720, 721, 722, 687, 688, 723, 724]
[432, 431, 432, 467, 466]
[548, 513, 548, 549, 584, 585, 586, 551, 516, 517, 516, 481, 482, 483, 448, 449, 414, 415, 416, 381, 382]
[930, 895, 896, 861, 862, 827, 792, 793, 758, 759, 760, 725, 690, 655, 654, 619, 584, 549, 514, 479, 478, 443, 442, 407, 406, 405, 404, 369, 368, 403, 402, 367, 332, 367, 332, 331]
[642, 607, 572, 607, 572, 537, 502, 503, 468, 433, 432, 397, 396, 361, 326, 325, 290, 255, 254, 219, 218, 183, 148, 149, 114, 79, 80, 45, 10, 11]
[576, 611, 612, 613, 648, 649, 650, 685, 686, 721, 686, 721]
[542, 577, 612, 647, 648, 683, 718, 753, 788]
[541, 576, 575, 610, 645, 644, 645, 610, 611, 576, 611, 610, 609, 644, 643, 642, 641, 642, 677, 676]
[548, 513, 514, 549, 584, 619, 654, 655, 690, 725, 760, 759, 794, 829, 830, 829, 864, 899, 898, 933, 968, 967, 966, 1001, 1000, 999, 1034, 1033, 1032, 1067, 1066, 1031]
[471, 472, 471, 506, 471, 470, 435, 400, 365, 364, 399, 398, 363, 328, 327, 326, 361]
[401, 436, 435, 470, 435, 434, 469, 468, 433, 398, 397, 362, 361, 396, 395, 430, 465, 464, 499, 498, 463, 428, 429]
[266, 301, 336, 301, 300, 335, 334, 369, 370, 405, 404, 369, 368, 403, 402, 401, 400, 399, 434, 433, 468, 433, 432, 397, 362, 361, 326, 325, 290, 255, 254, 219, 218, 183, 148, 149, 114, 79, 80, 45, 10, 11, 12, 11]
[301, 336, 301, 300, 335, 334, 369, 370, 405, 404, 369, 368, 403, 402, 401, 400, 399, 434, 433, 468, 503, 502, 537, 572, 607, 642, 641, 676, 675, 710]
[718, 753, 754, 719, 684, 649, 614, 579, 544, 545, 510]
[482, 517, 552, 553, 588, 553, 552, 517, 482, 517, 552, 553, 588, 623, 624, 625, 660, 695, 696, 731, 730, 765, 800, 801, 766, 767, 802, 801]
[717, 752, 753, 754, 719, 720, 721, 686, 651, 652, 617]
[719, 684, 649, 614, 579, 544, 545, 544]
[545, 544, 543, 508, 507, 506, 505, 504, 503, 468, 433, 398, 397, 362, 361, 326, 325, 290, 255, 254, 219, 218, 183, 218, 217, 252, 251, 250]
[266, 301, 266, 265, 264, 263, 262, 297, 296, 295, 294, 259, 258, 257, 292, 291, 326, 325, 290, 255, 254, 219, 218, 183, 182, 147, 146, 111, 110, 75, 40, 39, 4, 5]
[642, 677, 712, 713, 714, 715, 750, 751, 752, 787, 788, 823, 788, 789, 824]
[439, 474, 509, 544, 545, 580, 581, 616, 651, 652]
[645, 644, 643, 642, 641, 640, 639, 638, 637, 602, 637, 672, 637]
[824, 789, 788, 789, 754, 789, 754, 789, 754, 719, 684, 649, 614, 579, 544, 545, 510, 475, 440, 405, 406, 441, 406, 407, 372, 337, 302, 267, 232, 197, 162, 127, 128, 93, 58, 93, 92, 91, 56, 55, 54, 19, 18, 17, 13, 12, 11]
[719, 720, 685, 650, 649, 614, 613, 612, 577, 576, 541]
[514, 549, 514, 513, 478, 443, 442, 407, 406, 405, 404, 369, 368, 367, 402, 367, 366, 367, 402, 437]
[266, 301, 336, 371, 370, 405, 406, 441, 406, 407, 442, 443, 478, 479, 514, 549, 584, 619, 654, 689, 724]
[304, 269, 270, 235, 200, 165, 200, 235, 234, 269, 304, 339, 374, 373, 408, 443, 408, 443, 442]
[443, 478, 513, 548, 547, 582, 617, 652, 651, 686, 721]
[718, 717, 752]
[788, 823, 788, 787, 752, 751, 750, 715, 680, 681, 646, 611, 576, 541, 540]
[755, 720, 719, 684, 649, 614, 579, 544, 545, 510, 511, 476, 477, 478, 443, 408, 373, 374, 373, 338, 337]
[573, 574, 575, 540, 505, 506, 507, 542, 543, 544, 545, 580, 581]
[467, 502, 503, 504, 539]
[471, 506, 507, 542, 543, 544, 579, 614, 579, 544, 545, 510, 475, 440, 405, 406, 407, 442, 443, 478, 479, 514, 549, 584, 619, 654, 655, 690, 725, 690, 691, 656, 621, 622, 587, 588, 623, 624, 625, 660, 695, 696, 731, 766, 801, 802, 837, 872, 873, 908, 873, 874, 839, 838, 803, 804, 839]
[368, 367, 368]
[717, 752, 753, 788, 823, 788, 789, 824, 789, 790, 791, 826, 827, 828, 793, 794, 795, 760, 761, 762, 727, 762, 763, 764, 765, 800, 835, 836, 871]
[823, 788, 787, 752, 751, 750, 715]
[642, 641, 642, 607, 572, 607, 642, 643, 678, 713, 748, 783, 748, 749, 784, 819, 820, 855, 856, 891, 892, 857]
[723, 724, 723, 688, 687, 722, 721, 720, 685, 720, 719, 718, 717, 682]
[824, 859, 858, 857, 822, 787, 786, 785, 750, 749, 748, 747, 782, 817, 816]
[754, 719, 754, 789, 754, 789, 790, 755, 790, 791, 826, 861, 860, 895, 896, 931, 966, 1001, 1036, 1071, 1070, 1105, 1140, 1175, 1176, 1211, 1212]
[754, 719, 718, 717, 716, 681, 646, 645, 644, 679, 680]
[823, 788, 789, 754, 719, 720, 685, 650, 615]
[502, 467, 432, 431, 430, 395, 360, 359, 324, 325, 326, 325, 290, 255, 254, 219, 218, 183, 148, 149, 114, 79, 80, 45, 10, 11, 12, 11]
[755, 720, 719, 718, 717, 716, 681, 646, 645, 644, 643, 642, 641, 606]
[650, 649, 614, 613, 612, 611, 576, 575, 610, 575, 610, 575, 574, 573, 608, 573]
[824, 789, 788, 753, 718]
[682, 647, 612, 613, 648, 649, 650, 615, 580, 545]
[717, 682, 647, 612, 577, 576, 577, 542, 543, 544, 509, 510, 475, 476, 477, 442, 477, 478, 443, 408, 373, 374]
[443, 442, 407, 442, 441, 406, 371, 406, 405, 370, 369, 334, 333]
[570, 535, 536, 537, 538, 573, 574, 575, 610, 611, 646, 681, 716, 717, 752, 753, 718]
[650, 685, 650, 615, 580, 581, 546, 547, 512, 513, 478, 443, 444, 409, 374]
[541, 506, 507, 542, 543, 544, 579, 614, 613]
[231, 232, 231, 266, 265, 264, 263, 298, 333, 368, 403, 404, 439, 438, 439, 474, 509, 544, 545, 544]
[823, 788, 789, 824, 859, 858, 857, 892, 893, 928, 927, 962, 961, 926, 891, 856]
[636, 637, 638, 673, 674, 675, 676, 641, 642, 643, 644, 645, 646, 681, 716, 717, 752, 753]
[641, 642, 643, 644, 645, 646, 681, 716, 717, 752, 753, 754, 789]
[542, 543, 544, 579, 614, 613, 648, 649]
[601, 602, 637, 638, 673, 674, 675, 676, 641, 642, 643, 644, 645, 646, 647, 682]
[618, 617, 582, 547, 548, 513, 478, 443, 478, 513, 548, 547, 512, 511, 512, 513, 478, 443, 442, 407, 406, 405, 404, 369, 368, 403, 402, 401, 400, 399, 434, 433, 468, 433, 432, 467, 432, 431, 430, 395, 394]
[545, 510, 475, 440, 441, 406, 441, 442, 407, 372, 337, 302, 267, 232, 197, 162, 163, 128, 93, 94, 59, 60, 61, 62, 63, 28, 29, 64, 65, 30]
[681, 646, 681, 716, 717, 752, 753, 754, 719]
[724, 723, 688, 687, 652, 617, 582, 547, 548, 513, 478, 443, 442, 407, 406, 405, 404, 369, 368, 403, 402, 401, 400, 399, 434, 433, 468, 433, 432, 397, 396, 361, 326, 325, 290, 255, 254, 219, 184, 183, 148, 149, 114, 79, 80, 45, 10, 11, 12, 11]
[474, 509, 544, 579, 614, 613, 612, 647, 648, 683, 718]
[754, 719, 684, 649, 614, 579, 544, 545, 510, 475, 440, 405, 404, 369, 368, 403, 402, 401, 400, 399, 434, 433, 468, 433, 398, 363, 362, 327, 362, 363, 398]
[476, 477, 478, 443, 408, 373, 374, 373]
[717, 682, 647, 612, 577, 576, 541, 506, 471, 436, 401, 366, 331, 330, 295, 260, 225, 190]
[266, 265, 300, 335, 334, 369, 370, 405, 440, 441, 406, 407, 442, 443, 478, 479, 514, 549, 584, 619, 654, 689, 724, 723, 724]
[409, 374, 339, 304, 269, 234, 235, 200, 165, 130, 95, 60, 61, 26, 27]
[544, 543, 508, 507, 506, 471, 470]
[673, 672, 707, 672, 671, 636, 601]
[717, 682, 647, 612, 613, 648, 649, 614, 579, 544, 545, 510, 475, 440, 405, 406, 441, 406, 407, 442, 443, 478, 443, 444, 409, 374, 339, 304, 269, 234, 235, 200, 165]
[636, 637, 602, 603, 568, 569, 570, 535, 536, 537, 536, 537, 538, 573, 538, 539]
[726, 691, 692, 693, 658, 623, 624, 589, 590, 555, 556, 591, 592, 627, 662, 697]
[266, 301, 336, 337, 338, 373, 374, 375, 376, 411, 410, 445, 480, 515, 480]
[543, 544, 579, 614, 649, 684, 719, 754, 789]
[719, 720, 721, 756, 757, 722, 723, 724, 759, 760, 761, 726, 691, 692, 657]
[611, 576, 577, 542, 543, 544, 545, 510, 511, 476, 477]
[683, 684, 719, 754, 753, 788, 787, 752, 751, 750, 715, 714, 713, 712, 711, 710, 709, 708, 707, 672]
[724, 723, 724, 759, 760, 795, 794, 793, 828, 827, 826, 791, 790, 789, 824]
[724, 723, 688, 687, 722, 721, 720, 685, 684, 683, 718, 683]
[400, 435, 436, 471, 506, 541, 576, 577, 612, 647, 682, 717]
[642, 607, 572, 607, 642, 643, 678, 713, 748, 783, 818, 819, 854]
[754, 789, 790, 755, 790, 791, 826, 861, 896, 931, 966, 1001, 1036, 1071, 1070, 1105, 1140]
[753, 754, 719, 684, 649, 614]
[755, 720, 719, 684, 649, 614, 579, 544, 545, 510, 475, 474, 439, 404, 403, 368, 367, 332, 297, 296, 261, 226, 225, 190, 155, 154, 119, 84, 83, 48, 13, 12, 13, 48, 49, 84, 119, 120, 155, 190, 191, 226, 261, 262, 297, 332, 333, 368, 403, 404, 439, 474, 475, 440, 441, 406, 407, 442, 407, 372, 337, 302, 267, 232, 197, 162, 127, 128, 93, 58, 59, 24]
[754, 719, 684, 649, 650, 615, 580, 581]
[717, 752, 753, 754, 719, 720, 721, 722, 687, 652, 653, 618, 619, 620, 585, 586, 551, 552, 517, 482, 483, 448, 449, 450, 485, 486, 521, 522, 523, 558, 559, 594, 595]
[538, 539, 504, 505, 540, 575, 610, 611, 612, 613, 648, 649, 650, 651, 686, 687, 688, 723, 724, 723, 688, 687, 686, 651, 650, 649, 648, 613, 612, 611, 612, 611, 612, 611, 612, 611, 612, 647, 682, 647, 612, 611, 612, 647, 682, 647, 612, 611, 612, 647, 682, 647, 612, 611, 576, 541, 506, 505, 504, 503, 468, 433, 432, 397, 396, 361, 326, 325, 290, 255, 254, 219, 184, 183, 148, 149, 114, 79, 80, 45, 10, 11, 12, 11]
[719, 720, 685, 650, 615, 650, 649, 614, 613, 612, 611, 576, 575, 610, 645, 644, 643]
[304, 269, 234, 199, 198]
[724, 723, 724, 723, 724, 759, 760, 795, 794, 793, 828, 827, 826, 791, 790, 789, 824]
[648, 649, 614, 579, 580, 545, 510, 511, 512, 513, 478, 477, 478]
[755, 720, 719, 754, 753, 788, 823, 788, 789, 824, 859, 858]
[473, 474, 509, 474, 439, 404, 405]
[684, 649, 614, 579, 544, 545, 510, 475, 440, 405, 404, 369, 368, 333, 298, 263, 228, 229, 194, 159, 158, 123]
[724, 723, 688, 687, 652, 617, 582, 547, 548, 513, 478, 513, 478, 443, 444, 409, 374, 339, 340]
[719]
[442, 441, 476, 511, 546, 581, 616, 651, 686, 721, 722, 687, 688, 723, 724]
[573, 608, 643, 644, 645, 646, 681, 716, 717, 752, 753, 754, 789]
[545, 580, 615, 650, 649, 684, 719, 754, 753, 788, 823, 788, 789, 824, 859, 858]
[514, 549, 584, 619, 654, 689, 724]
[614, 613, 648, 649, 684, 719, 754]
[724, 723, 724, 723, 724, 723, 724, 759, 760, 725, 690, 655, 654, 619, 584, 549, 514, 479, 478, 443, 442, 407, 406, 405, 370, 369, 334, 299, 264, 265]
[674, 709, 674, 675, 676, 641, 642, 643, 644, 645, 646, 647, 612, 613, 648, 649, 650, 685, 686]
[755, 720, 719, 684, 649, 614, 579, 544, 545, 510, 475, 440, 441, 406, 407, 372, 337, 302, 267, 232, 197, 162, 127, 128, 93, 58, 93, 92, 91, 56, 55, 54, 19, 18, 17, 13, 12]
[718, 753, 754, 719, 718, 717, 716, 681, 646, 645, 680, 679, 678, 643, 642, 607, 572, 537, 502, 503, 468, 433, 432, 397, 362, 361, 326, 325, 324, 289, 324, 323, 358, 357, 392, 391, 356, 321, 320]
[685, 684, 649, 614, 579, 544, 545, 510, 475, 440, 405, 404, 369, 368, 403, 402, 401, 400, 399, 434, 433, 468, 433, 432, 397, 396, 361, 326, 325, 290, 255, 254, 219, 218, 183, 182, 181, 146, 111, 110, 75, 110, 109, 144, 143, 142]
[642, 607, 572, 573, 574, 575, 610, 645, 680, 679, 678, 713, 678, 713, 748, 783, 748, 749, 784, 819, 784]
[685, 720, 719, 718, 717, 752, 751, 750, 715, 714, 713, 712, 711, 710, 709, 708, 707, 672, 671, 636, 601, 566, 565, 530, 495, 460, 459, 460, 495, 530, 566, 601, 636, 671, 672]
[502, 503, 504, 505, 540, 575, 610, 611]
[682, 647, 612, 611, 576, 541, 506, 505, 504, 503, 468, 433, 432, 397, 396, 361, 326, 325, 290, 255, 254, 219, 218, 183, 148, 149, 114, 79, 80, 45, 10, 11, 12, 11]
[361, 326, 327, 292, 327, 292, 291, 256, 255, 290, 289, 288, 253, 288, 287, 322, 323, 288, 323, 358, 357, 392, 427, 428, 463, 498, 499, 534, 533, 532, 567, 566, 601, 566, 531, 532, 533, 534, 499, 464, 465, 430, 431, 396, 431, 430]
[300, 335, 334, 369, 370, 405, 404, 369, 368, 403, 402, 401, 400, 399, 434, 433, 468, 503, 502, 537, 572, 607, 642, 643, 678, 713, 678, 679, 680, 645, 646]
[615, 650, 615, 580, 545, 510, 475, 440, 405, 406, 371, 336, 301, 266, 265, 300, 335, 334, 369, 404, 439, 474, 509, 544, 579, 614, 613, 612, 611, 576, 541, 506, 505, 504, 503, 468, 433, 432, 397, 396, 361, 326, 325, 290, 255, 254, 219, 218, 183, 182, 147, 146, 111, 110, 75, 110, 109, 74, 109]
[685, 720, 719, 720, 721, 686, 651, 652, 617, 582, 547, 548, 513, 478, 443, 408, 373, 338, 373, 338, 373, 338, 339, 304, 305, 306, 341, 342, 377, 412]
[366, 401, 436, 471, 506, 507, 542, 577, 612, 647, 648]
[576, 541, 506, 471, 436, 471, 472, 507, 542, 577, 578, 613, 648, 649, 684, 719]
[639, 604, 569, 570, 535, 536, 537, 572, 537, 502, 503, 468, 433, 434, 399, 400, 401, 402, 403, 368, 369, 404, 405, 440, 441, 442, 443, 478, 479, 514, 515, 550, 551, 550, 551, 552, 551, 586, 621, 622, 657]
[755, 754, 789, 754, 719, 754, 789, 788, 823, 788, 789, 824, 859, 858, 857, 892, 893, 928, 963, 964, 929, 894, 895, 896, 931]
[717, 716, 681, 646, 611, 576, 541, 506, 505, 504, 503, 468, 433, 432, 467, 432, 431, 430]
[721, 686, 651, 652, 617, 582, 547, 548, 513, 478, 443, 408, 373, 338, 337, 336, 301]
[542, 541, 506, 505]
[610, 645, 644, 643, 642, 641, 676, 675, 640, 639, 604, 569, 568, 533, 498, 497]
[753, 718, 683, 648, 649, 614, 579, 544, 545, 510, 511, 476, 477, 478, 443, 408, 373, 374, 339, 304, 269]
[645, 680, 679, 678, 643, 642, 607, 572, 537, 502, 503, 468, 433, 434, 399, 400, 401, 402, 403, 368]
[718, 717, 716, 681, 646, 645, 644, 643, 642, 641, 676, 675, 640, 639, 604, 569, 568, 533, 498, 497, 498]
[602, 637, 602, 603, 568, 569, 570, 535, 536, 537, 572, 607, 642, 643, 678, 713, 748, 783, 748, 749, 750, 785, 786, 787, 822, 857, 858, 857, 892, 893, 928, 927, 962]
[679, 644, 679, 678, 643, 608, 607, 572, 537, 502, 503, 468, 433, 434, 399, 400, 401, 402, 403, 368, 369, 404, 405, 406, 371, 336, 301, 266]
[755, 720, 719, 718, 717, 716, 681, 646, 611, 576, 575, 610, 645, 646, 681, 717, 752, 753, 754, 789, 790, 791, 826, 861, 860, 859, 894, 895, 930, 929, 964, 929, 928, 893, 894, 893, 894, 893, 858]
[823, 788, 789, 754, 719, 720, 685, 650, 649, 614, 613, 578, 543, 578]
[718, 753, 754, 789, 790, 755, 790, 791, 826, 861, 860, 859, 894, 895, 930, 929, 894, 859, 824, 789, 788, 789, 754, 719, 718, 753]
[327, 362, 363, 398, 399, 434, 469, 470, 505, 540, 575, 610, 611, 612, 647, 682]
[724, 723, 724, 759, 760, 795, 794, 793]
[721, 686, 651, 652, 651, 650, 615, 616, 581]
[684, 719, 718, 717, 716, 681, 646, 645, 644, 609, 574, 573, 538, 537, 536, 535, 500, 499, 498, 497, 462, 461, 460, 459, 424, 425, 390, 389, 390, 391]
[611, 612, 613, 648, 649, 684]
[717, 752, 753, 788, 823, 788, 789, 824, 789, 790, 791, 826, 827, 828, 793, 794, 795, 760, 725, 690, 691, 656, 621, 622, 587]
[263, 298, 333, 368, 403, 404, 439, 474, 509, 544, 579, 614, 613, 648, 649, 684, 683, 718]
[514, 549, 584, 549, 514, 515, 480, 481, 446, 447, 412, 377]
[611, 576, 611, 612, 613, 648, 649, 684, 719, 754, 789]
[611, 576, 541, 506, 505, 504, 503, 502, 467, 466, 431]
[505, 504, 503, 468, 433, 434, 399, 400, 401, 402, 403, 368, 369, 404, 405, 406, 441, 406, 407, 442, 443, 478, 479, 514, 515, 480, 481, 446, 481]
[824, 789, 790, 791, 826, 827, 828, 793, 794, 759, 760, 725, 690, 691, 656, 621, 586]
[753, 718, 717, 716, 681, 646, 645, 644, 643, 642, 607, 606, 571, 536, 535, 536, 535, 500, 499, 498, 463, 498]
[685, 650, 649, 614, 613, 612, 611, 576, 575, 610, 575, 574, 573, 574]
[544, 579, 614, 649, 684, 719, 754, 789, 788, 823, 788]
[754, 753, 788, 823, 788, 787, 752, 751, 750, 715, 714, 713, 712, 711, 710, 709, 708]
[535, 536, 537, 572, 607, 642, 641, 642, 677, 642, 607, 606, 571, 536]
[404, 403, 402, 437, 472, 471]
[755, 720, 719, 718, 717, 682, 647, 612]
[823, 788, 789, 754, 789, 790, 755, 756, 757, 722, 723, 724]
[468, 469, 434, 469, 470, 471, 472, 507]
[754, 719, 718, 717, 716, 681, 646, 611, 576]
[717, 752, 753, 754, 789, 790, 755]
[682, 717, 752, 753, 754, 753, 788, 823]
[573, 538, 573, 572, 573, 608, 643, 644, 645, 646, 681, 716, 717, 752, 753, 754, 789, 754, 753, 718, 717, 682, 681, 646, 645, 610, 609, 574, 573, 574, 609, 610, 645, 646, 681, 682, 717, 718, 753, 754, 789, 790, 755, 756, 721, 686, 685, 650, 615, 616, 581, 580, 579, 578, 577, 576, 575, 574, 573, 574, 575, 576, 577, 578, 579, 580, 581, 582, 547]
[266, 301, 266, 265, 264, 263, 262, 297, 296, 295, 294, 259, 258, 223, 188, 189, 188, 187, 186, 151, 150, 115, 114, 79, 44, 9, 8]
[544, 545, 580, 581, 616, 617, 618, 653, 652, 687, 652]
[606, 571, 572, 571, 536, 537, 572, 537, 502, 503, 468, 433, 434, 399, 400, 401, 402, 367, 332, 297, 262, 261, 226, 191, 156, 121, 86, 51, 16]
[719, 720, 685, 650, 649, 614, 613, 612, 577, 576, 541]
[603, 568, 569, 570, 535, 536, 535, 500, 465, 430, 395, 396, 361, 362]
[753, 718, 717, 716, 681, 646, 645, 680, 679, 678, 643, 642, 607, 572, 537, 502, 503, 468, 433, 432, 397, 396, 361, 326, 325, 290, 255, 254, 219, 218, 183, 148, 149, 114, 79, 80, 45, 10, 11, 12, 11]
[717, 716, 681, 646, 645, 644, 643, 642, 677]
[754, 719, 718, 717, 716, 681, 646, 645, 644, 609, 574, 573, 538]
[430, 431, 432, 433, 468, 433, 434, 399, 400, 401, 402, 403, 368, 369, 404, 405, 406, 441, 406, 407, 442, 443, 478, 513, 548, 547, 582, 617, 652, 651, 686]
[547, 548, 513, 478, 443, 442, 407, 406, 405, 370, 335, 336, 371, 336, 301, 300, 301]
[640, 639, 674, 675, 676, 711, 712, 713, 714]
[431, 430, 395, 396, 395, 360, 395, 360, 359, 394]
[437, 402, 367, 368, 369, 334, 299]
[684, 649, 614, 579, 544, 545, 580, 581, 616]
[759, 724, 723, 724, 723, 688, 687, 722, 721, 720, 685, 650, 649]
[717, 752, 753, 754, 719, 684, 649, 614, 579, 544, 545, 510, 475, 440, 441, 406, 407, 442, 443, 478, 443, 444, 409, 374, 339, 304, 305, 306, 307, 308, 343, 344, 343, 344, 309, 274, 239, 240, 205, 206]
[585, 584, 549, 514, 515, 514, 479, 478, 443, 442, 407, 406, 405, 406, 371, 336, 301, 300, 301]
[1214, 1179, 1178, 1143, 1108, 1073, 1072, 1037, 1002, 967, 966, 931, 896, 861, 860, 825, 790, 789, 754, 719]
[574, 573, 538, 537, 536, 535, 500, 499, 498, 497, 462, 461, 460, 459, 424, 425, 390, 389, 354, 319, 284, 249, 248, 283, 284]
[545, 580, 581, 582, 547, 548, 513, 514, 549, 584, 619, 654, 655, 690, 725, 690, 691, 656, 621, 622, 587, 588, 623, 624, 625, 660, 695, 696, 731, 766, 801, 802, 837, 872, 873, 908, 873, 874, 909, 910, 945, 980]
[754, 719, 718, 717, 682, 647, 612, 577, 576, 541, 506, 471, 472]
[566, 601, 602, 637, 602, 603]
[719, 718, 717, 716, 681, 645, 680, 715, 750, 715, 680, 645, 644, 643, 642, 643, 645, 646, 681, 716, 717, 752, 753, 754, 719]
[480, 515, 480, 515, 514, 479, 478, 443, 408]
[716, 751, 752, 753, 718, 717, 682, 647, 612, 577, 576, 577, 542]
[327, 326, 361, 396, 397, 432, 433, 468, 503, 502, 537, 572, 607, 608, 643, 678, 713, 748, 749, 784, 819, 854, 889, 924, 959, 994, 1029, 1064, 1065, 1100, 1135, 1136, 1171, 1206]
[717, 752, 753, 718, 717, 682, 647, 648, 683, 682]
[676, 677, 642, 607, 572, 607, 572, 537, 502, 503, 468, 433, 434, 399, 400, 401, 402, 367, 332, 297, 262, 263, 264, 265, 266, 301, 336, 335, 300, 335, 334, 369, 404, 403, 402, 437, 472, 471, 472, 507, 472]
[724, 723, 724, 759, 760, 795, 796, 831]
[105, 70, 35, 34]
[374, 373, 408, 443, 478, 477, 476, 511, 510, 545, 544, 579, 614, 649, 684, 719]
[266, 265, 264, 263, 262, 297, 296, 295, 330, 295, 294, 259, 258, 257, 292, 291, 326, 325, 290, 255, 254, 219, 218, 183, 218, 217, 252, 251, 286]
[721, 686, 687, 652, 651, 650, 615, 616, 615, 580]
[685, 684, 719, 720, 685, 650, 615]
[724, 723, 724, 723, 724, 759, 760, 725, 690, 655, 654, 619, 584, 549, 514, 479, 478, 443, 442, 407, 406, 405, 370, 369, 334, 299, 264, 265, 300]
[789, 790, 755, 754, 789, 788, 787, 822, 821, 820, 855, 854, 889, 890, 855, 856, 821, 822, 823, 788, 789, 754, 755, 754, 789, 824, 859, 858, 893, 928, 963, 962, 997, 1032, 1067, 1066, 1101, 1136, 1171, 1136, 1101, 1102, 1067, 1032, 997, 998, 963, 928, 893, 858, 859, 824, 789, 754, 755, 720, 719, 684, 649, 614, 579, 544, 545, 510, 475, 440, 405, 404, 369, 368, 367, 402, 401, 400, 399, 434, 433, 468, 433, 432, 397, 396, 361, 326, 325, 290, 255, 254, 219, 218, 183, 148, 149, 114, 79, 80, 45, 10, 11]
[754, 719, 718, 717, 752, 753]
[404, 439, 474, 509, 544, 579, 614, 649, 684, 719, 684, 649, 614, 615, 580, 545, 510, 475, 440, 441, 406, 371, 336, 371, 406, 441, 476, 475, 510, 545, 580, 579, 614, 649, 684, 719, 718, 717]
[533, 534, 569, 570, 535, 536, 537, 572, 607, 642, 643, 678, 713, 748, 783, 818, 819, 854, 889, 924]
[603, 604, 639, 675, 710, 711, 712, 713, 714, 715, 750, 751, 752, 753, 788, 787, 752, 751, 750, 715, 713, 712, 711, 710, 675, 674, 639, 604, 569, 570, 535, 536, 535, 500, 465, 430, 465, 464, 465, 466, 431, 466, 431, 466, 467, 502, 503, 504, 503, 468, 433, 434, 399, 400, 401, 402, 403, 368, 369, 404, 405, 440, 475, 510, 475, 440, 405, 404, 369, 368, 403, 402, 401, 400, 399, 434, 433, 468, 503, 502, 537, 536, 535, 570, 569]
[721, 686, 651, 652]
[579, 544, 543, 508, 507, 506, 505, 504, 503, 468, 433, 432, 397, 396, 361, 326, 291]
[756, 721, 722, 687, 652, 653, 618, 619, 584, 549, 514]
[754, 719, 754, 753, 788]
[718, 753, 718, 753, 754, 719, 720, 685, 686, 651, 650, 615]
[653, 652, 687, 686, 721, 720, 685, 684]
[755, 754, 789, 790, 755, 756, 721, 722, 687, 652, 653, 618, 619, 584, 549, 514]
[755, 720, 719, 718, 717, 716, 681, 646, 645, 644, 609, 574, 573, 538, 537]
[545, 544, 543, 508, 543, 578]
[754, 719, 684, 649, 614, 579, 544, 579]
[719, 718, 717, 716, 681, 646, 611, 576, 575]
[610, 645, 680, 679, 678, 713, 678, 713, 748, 783, 748, 749, 784, 749]
[433, 432, 467, 432, 431, 430, 465, 464, 499, 498, 463, 428, 429, 394]
[677, 712, 711, 710, 709, 708, 707, 672, 671]
[754, 719, 718, 717, 716, 681, 646, 645, 644, 609]
[431, 430, 395, 396, 361, 396, 361, 396, 361, 396, 395, 430, 431]
[681, 646, 645, 644, 609, 574]
[434, 469, 470, 505, 540, 575]
[684, 719, 754, 789, 790, 755, 790, 791, 826, 861, 896, 895, 896, 931, 932, 967, 1002, 1003, 1038, 1039, 1040, 1075, 1076, 1111, 1112, 1113, 1148, 1113, 1112, 1077, 1112, 1111, 1146, 1147, 1146, 1181, 1216, 1215, 1180, 1179, 1178, 1143]
[266, 301, 336, 371, 406, 405, 440, 475, 474, 509, 544, 579, 614, 649, 684, 719]
[647, 648, 683, 682, 647, 612, 577, 576, 541, 506, 505, 504, 503, 468, 433, 432, 397, 362, 361, 326, 291]
[611, 576, 575, 610, 575, 574, 573, 538, 573]
[642, 643, 644, 609, 574, 575, 610, 575]
[648, 649, 614, 613, 612, 611, 576, 577, 576, 577, 542, 543, 544, 545, 580, 581]
[796, 795, 796, 761, 760, 795, 794, 793, 828, 827, 826, 791, 790, 789, 824, 789, 788]
[684, 719, 684, 649, 614, 579, 544, 545, 510, 475, 440, 405, 406, 371, 406, 407, 372]
[535, 536, 537, 538, 573, 608, 643, 644, 645, 646, 681, 716, 717, 752, 753, 754]
[576, 575, 610, 645, 644, 643, 642, 677]
[477, 478, 443, 442, 407, 406, 405, 404, 369, 368, 403, 402, 401, 400, 399, 434, 433, 468, 467, 502, 501, 536, 535, 570, 569, 568, 603, 602, 637, 636, 601]
[754, 719, 718, 717, 716, 681, 646, 645, 644, 643, 642, 607, 572, 573]
[675, 676, 641, 642, 607, 572, 573, 574]
[637, 602, 603, 568, 569, 570, 535, 570, 571]
[404, 403, 368, 367, 402, 401, 400, 399, 434, 433, 468, 433, 398, 363, 362, 327, 326, 291, 292, 291, 292, 291, 292, 291, 292, 291, 292, 291, 292, 291, 292, 291, 292, 291, 292, 291, 292, 327, 326, 291, 292, 257, 258, 259, 294, 295, 330, 295, 296, 297, 262, 263, 264, 265, 266, 267, 232, 231, 196]
[541, 576, 575, 610, 645, 644, 643, 642, 641, 676, 675, 674, 673, 672, 707, 672]
[479, 480, 479, 444, 443, 442, 407, 406, 405, 404, 369, 368, 403, 402, 367, 332, 297, 262, 261, 226, 191, 156, 121, 86, 51, 16]
[545, 544, 543, 508, 507, 506, 505, 540, 505, 506, 507, 542, 543, 544, 545, 580, 581, 546, 547, 548, 549, 548]
[610, 575, 574, 573, 538]
[545, 544, 509, 508, 507, 506, 505, 504, 503, 468, 503, 502, 537, 572, 607, 642, 643, 678, 713, 748, 783, 818, 817, 782, 817, 816]
[824, 789, 788, 789, 754, 719, 684, 649, 614, 579, 544, 545, 510, 475, 440, 405, 404, 369, 368, 367, 332, 331, 296]
[642, 607, 572, 607, 572, 537, 502, 503, 468, 433, 434, 399, 400, 401, 402, 367, 332, 297, 262, 261, 226, 191, 156, 121, 86, 51, 16, 17, 13, 12]
[724, 723, 688, 687, 652, 617, 582, 547, 546, 545, 544, 543, 508, 507, 508]
[823, 788, 789, 754, 719, 720, 685, 650, 649]
[323, 358, 323, 324, 359, 360, 395, 430]
[573, 538, 537, 536, 535, 500, 499, 498, 497, 462, 461, 460, 459, 424, 425, 390, 389, 354, 319, 320]
[576, 577, 612]
[327, 326, 361, 396, 431, 432]
[473, 474, 509, 544, 545]
[510, 475, 474, 509, 544, 579, 614, 649, 684, 719]
[304, 339, 374, 409, 444, 443, 478, 513, 548, 547, 546, 581, 616, 615, 650, 685, 686, 685, 650, 615, 616, 581, 546, 511, 476, 477, 478, 443, 408, 373, 374, 339, 304]
[796, 795, 796, 761, 760, 759, 794, 793, 828, 827, 826, 791, 790, 789, 824]
[672, 707, 708, 709, 710, 711, 712, 713, 714, 715, 750, 751, 752, 787, 788, 823, 788, 789, 824]
[482, 481, 446, 447, 446, 481, 480, 515, 514, 513, 512, 477]
[364, 329, 330, 295, 330, 295, 296, 297, 332, 367, 402, 403, 368, 369, 404, 405, 406, 407, 442, 443, 478, 479, 514, 549, 584, 619, 654, 689, 724]
[374, 373, 408, 443, 478, 477, 476, 511, 510, 545, 544, 579, 614, 649, 684, 719, 754]
[718]
[614, 579, 544, 543, 508, 507, 506, 471, 436]
[719, 718, 717, 716, 681, 646, 645, 644, 643, 642, 641, 640, 675, 674, 673, 638, 637, 602, 601, 566, 567, 532, 567]
[459, 424, 425, 390, 389, 354, 319, 284, 285, 286, 251, 252, 217, 218, 183, 148, 149, 114, 79, 80, 45, 10, 11, 12, 11]
[642, 641, 642, 607, 572, 607, 572, 537, 502, 503, 468, 433, 432, 397, 362, 361, 326, 325, 290, 255, 254, 219, 218, 183, 148, 149, 114, 79, 80, 45, 10, 11, 12]
[758, 759, 758, 793, 794, 759, 760, 725, 724, 725, 760, 759, 794, 829, 830, 829, 864, 899, 898, 933, 932, 967, 966, 1001, 1000, 999, 1034, 1033, 1032, 1067, 1032, 1033, 1032, 1067, 1066, 1101, 1136, 1171, 1206]
[617, 652, 617, 582, 547, 548, 513, 548, 549, 584, 549]
[718, 753, 754, 719, 684]
[724, 723, 724, 759, 760, 795, 794, 793, 828, 827, 826, 791, 790, 789, 824, 789, 788, 753, 754, 719, 720, 685, 686, 651, 652, 617, 618, 653, 652, 687, 688, 723, 724]
[542, 543, 578, 613, 612, 611]
[373, 408, 443, 478, 513, 514, 549, 584, 619, 654, 689, 724, 723, 724]
[645, 646, 681, 716, 717, 752, 753, 754]
[718, 717, 716, 681, 646, 645, 680, 679, 678, 643, 642, 607, 572, 537, 502, 503, 468, 433, 432, 397, 396, 361, 326, 325, 290, 255, 254, 219, 218, 183, 218, 217, 252, 251, 286, 285, 286, 321, 320, 319]
[724, 723, 724, 759, 760, 725, 690, 655, 654, 619, 584, 549, 514, 479, 478, 443, 408, 373, 374, 373, 374, 373, 374]
[545, 544, 579, 614, 613, 612, 611, 612, 613, 648, 649, 614, 579, 544, 545]
[754, 719, 754, 789, 788, 823, 788, 789, 824, 859, 858]
[301, 266, 301, 336, 371, 406, 405, 406, 407, 442, 443, 478, 479, 514, 515, 550, 551, 586, 587, 552, 551, 586]
[644, 643, 642, 641, 606, 571]
[304, 339, 374, 409, 444, 443, 442, 407, 406, 405, 404, 369, 368, 403, 402, 401, 400, 399, 434, 433, 468, 503, 502, 537, 572, 607, 642, 643, 678, 713, 678, 679, 680, 645, 610]
[481, 516, 551, 550]
[718, 753, 754, 719, 718, 717, 716, 681, 646, 645, 680, 679, 678, 643, 642, 607, 572, 537, 502, 503, 468, 433, 432, 397, 396, 361, 326, 325, 290, 255, 254, 219, 218, 183, 218, 217, 252, 251, 216, 215, 180]
[611]
[754, 789, 790, 755]
[576, 575, 610, 611, 612, 613, 648, 649, 684, 683]
[601, 636, 671, 672, 707, 708]
[545, 544, 543, 508, 507, 542, 577]
[677, 642, 607, 572, 607, 642, 643, 678, 713, 748, 783, 748, 749, 784, 819]
[788, 789, 754, 789, 790, 755, 790, 791, 826, 861, 860, 859, 894, 895, 930, 929, 964, 929, 928, 893, 894]
[286, 251, 252, 217, 218, 219, 254, 255, 290, 325, 326, 361, 396, 397, 432, 433, 468, 503, 504, 505, 540]
[300, 335, 334, 369, 370, 405, 440, 475, 510, 509, 544, 579, 614, 649, 684, 719, 754, 789]
[754, 719, 684, 649, 614, 579, 544, 545, 510, 475, 440, 405, 404, 369, 368, 403, 402, 367, 332, 297, 296, 295, 330, 331, 296]
[755, 720, 719, 718, 717, 716, 681, 646, 645, 644, 643, 642, 641, 676, 675, 674, 673, 638]
[754, 719, 720, 685, 650, 649, 614, 613, 612, 611, 576, 575, 610, 575, 574, 573, 538, 537, 572, 573, 608, 609, 644, 645, 680, 715, 716, 751, 752, 787, 788, 823]
[466, 467, 502, 503, 504, 503, 468, 433, 434, 399, 400, 401, 402, 403, 368, 403, 404, 439, 438, 439]
[724, 759, 760]
[832, 797, 796, 761, 760, 725, 690, 655, 654, 619, 620, 619, 618, 653]
[788, 823, 788, 787, 752, 751, 750, 715, 680, 681, 646, 645, 644, 643, 642, 607, 572, 573, 574]
[645, 680, 679, 678, 643, 642, 607, 572, 537, 502, 503, 468, 433, 434, 399, 400, 401, 402, 403, 368, 403, 404]
[724, 723, 722, 757, 756, 755]
[823, 788, 789, 754, 719, 720, 685, 650, 615, 580, 545, 510, 511, 476, 477, 478, 443, 408, 407]
[573, 608, 643, 644, 645, 646, 681, 716, 717, 752, 753]
[646]
[650, 685, 686, 721, 722, 687, 688, 723, 724]
[460, 461, 462, 497, 498, 499, 500, 535, 536, 537, 572, 607, 642, 643, 678, 713, 748, 749, 784, 819, 854, 889, 924, 959, 994]
[642, 641, 642, 643, 644, 645, 646, 681, 717, 752, 753, 754, 719, 718, 717, 716, 681, 646, 645, 644, 609, 574, 573, 538, 537, 536]
[719, 718, 717, 752, 751, 750, 715, 714, 713, 712, 711, 710, 709, 708, 707, 672, 671, 636]
[755, 754, 789, 790, 791, 826, 861, 896, 931, 932, 967, 968, 933, 934, 969]
[405, 370, 369, 334, 333, 298, 263, 262, 297, 296, 295]
[754, 719, 718, 717, 716, 681, 646, 645, 680, 679, 678, 643, 642, 607, 572, 537, 502, 503, 468, 433, 432, 397, 362, 361, 326, 325, 290, 255, 254, 219, 218, 183, 218, 217, 252, 251, 252, 287]
[718, 753, 754, 719, 720, 685, 650, 649, 650, 685, 684]
[724, 723, 722, 757, 756, 791]
[573, 572, 607, 572, 537, 502, 503, 468, 433, 432, 397, 396, 361, 326, 325, 324, 323, 358, 357, 392, 391, 356, 321, 320, 319]
[645, 680, 679, 678, 643, 642, 607, 572, 537, 502, 503, 468, 433, 434, 399, 400, 401, 402, 403, 368, 369, 404, 405, 370, 371, 406, 405, 440, 441, 476]
[788, 789, 754, 789, 790, 755, 756, 721, 686]
[718, 717, 716, 681, 646, 645, 644, 609, 574, 573, 538, 503, 502, 467, 502]
[650, 649, 614, 579, 544, 545, 510, 475, 440, 405, 370, 369, 334, 369]
[404, 439, 474, 509, 544, 579, 614, 613, 648, 649, 684, 719, 718]
[541, 506, 471, 436, 401, 366, 331]
[724, 723, 724, 759, 760, 761, 796]
[507, 508, 473, 472, 437, 436, 401, 436]
[719, 684, 719, 684, 719, 718, 717, 716, 681, 646, 645, 644, 609, 574, 573, 538, 537, 536, 535, 500, 465, 430, 429, 394]
[408, 443, 478, 477, 476, 511, 510, 545]
[541, 506, 471, 436, 437, 402, 367, 332, 297, 262, 261, 226, 191, 156, 121, 86, 51, 16, 51, 86, 121, 156, 191, 226, 261, 262, 297, 332, 367, 366, 401, 400, 399, 434, 433, 468, 503, 504, 505, 540, 541, 506, 471, 436, 437, 402, 367, 332, 297, 262, 261, 226, 191, 156, 121, 86, 51, 16]
[221, 256, 291, 326, 291, 292, 257, 258, 259, 294, 295, 330, 295, 296, 297, 262, 261, 226, 191, 156, 121, 86, 51, 16]
[300, 335, 334, 369, 404, 439, 474]
[610, 611, 612, 613, 648, 649]
[754, 719, 718, 717, 716, 681, 646, 645, 644, 609, 574, 573, 538]
[724, 723, 724, 759, 760, 761, 726, 691, 692, 657]
[824, 789, 788, 789, 754, 719, 718]
[684, 719, 718, 717, 716, 681, 646, 645, 643, 642, 677, 642, 643, 644, 645, 646, 681, 716, 717, 752, 753, 754, 719, 684, 649]
[404, 439, 474, 509, 544, 579, 614, 649, 684, 719]
[724, 723, 688, 687, 722, 721, 720, 755]
[724, 723, 688, 687, 652, 617, 582, 547, 546, 511, 476, 475, 440]
[552, 551, 586, 551, 516, 515, 550, 551, 550, 585, 584, 583, 618, 653, 652, 687, 722, 757, 756, 721]
[824, 823, 788, 789, 754, 789, 790, 755]
[754, 719, 718, 717, 716, 681, 646, 645, 644, 643, 642]
[548, 547, 582, 617, 652, 651, 686, 721, 720, 685, 720, 719]
[642, 641, 642, 607, 572, 607, 572, 607, 608, 643, 608, 607, 572, 537, 502, 503, 468, 433, 434, 399, 400, 401, 402, 403, 368, 369, 404, 405, 406, 407, 442, 443, 478, 443, 444]
[514, 513, 478, 513, 548, 547, 582, 617, 652, 651, 686, 721, 720, 685, 720, 719, 718]
[824, 789, 788, 789, 754, 789, 790, 755]
[719, 720, 721, 756, 757, 758, 723, 724, 759, 760, 761, 726, 691, 692, 657, 692, 657]
[719, 754, 719, 718, 683, 682, 647, 646, 611, 610, 611, 646, 647, 682, 683, 718, 753, 754, 789, 790, 755]
[824, 823, 788, 787, 752, 751, 750, 715, 714, 713, 712, 711, 676]
[327, 326, 361, 396, 397, 432, 433, 468, 503, 502, 537, 572, 607, 642, 643, 678, 713, 748, 749, 784, 819, 854, 889, 924, 959, 994, 1029, 1064, 1099, 1100, 1135, 1136, 1171, 1206]
[719, 718, 717, 716, 681, 646, 645, 680, 679, 678, 643, 642, 607, 572, 537, 502, 503, 468, 433, 432, 397, 362, 361, 326, 325, 290, 255, 254, 219, 218, 183, 148, 149, 114, 79, 80, 45, 10, 11, 12, 11]
[718, 753, 754, 789, 790, 755, 756, 757, 722, 721, 722, 687, 688, 723, 724, 689, 654]
[724, 723, 724, 723, 724, 759, 760, 725, 690, 655, 654, 619, 584, 549, 514, 479, 478, 443, 442, 407, 406, 405, 406, 371, 336, 301]
[753, 718, 753, 788, 823, 788, 787]
[754, 789, 788, 823, 788, 787, 752, 751, 750, 715, 714, 713, 712, 677]
[754]
[615, 616, 581, 546, 545, 510, 475, 440, 405, 404, 369, 368, 367, 402, 401, 400, 399, 434, 433, 468, 433, 432, 397, 396, 361, 326, 325, 290, 255, 254, 219, 218, 183, 218, 217, 252, 251, 286, 285, 286, 321, 320, 319]
[300, 335, 370, 335, 336, 371, 336, 337, 338, 373, 374]
[1, 2, 3, 4, 39, 40, 75, 110, 111, 146, 181, 182, 183, 218, 219, 254, 255, 290, 325, 326, 361, 396, 397, 432, 433, 468, 467, 502, 537, 572, 607, 642, 641, 676, 675, 676, 711, 710]
[684, 719, 720, 721, 686, 651, 652, 617, 582, 547]
[755, 720, 719, 718, 717, 682, 683, 684, 649, 650, 615, 616, 581, 582, 547, 548, 549, 514, 515, 480, 481, 446, 447, 412, 413, 414, 379, 380, 345, 346, 311, 312, 277, 278, 279, 244, 245, 210, 245, 244, 279, 278, 313, 312, 347, 346, 345, 380, 379, 414, 413, 448, 447, 446, 481, 480, 515, 514, 549, 548, 547, 582, 581, 616, 615, 650, 649, 648, 683, 682, 717, 716, 681]
[615, 616, 581, 546, 511, 476, 441, 406, 371, 336, 301, 266]
[574, 573, 608, 573, 572, 537, 502, 503, 468, 433, 432, 397, 396, 361, 326, 325, 290, 255, 254, 219, 218, 183, 182, 181, 146, 111, 110, 75, 40, 39, 4]
[824, 789, 790, 791, 826, 827, 828, 793, 794, 795, 760, 725, 690, 655, 654, 619, 584, 549, 514, 479, 478, 443, 442, 407, 406, 405, 404, 369, 368, 403, 402, 401, 400, 399, 434, 433, 468, 433, 432, 397, 396, 361, 326, 325, 290, 255, 254, 219, 218, 183, 218, 217, 252, 251, 286]
[724, 723, 724, 759, 760, 725, 690, 655, 654, 619, 584, 549, 514, 479, 478, 443, 442, 407, 406, 405, 404, 369, 368, 403, 402, 401, 400, 399, 434, 433, 468, 503, 502, 537, 536, 535, 570, 569, 604, 603, 638, 639, 604]
[754, 719, 720, 721, 756, 757, 722, 723, 724, 759, 760, 761, 726, 691]
[721, 756, 721, 686, 685, 650]
[269, 234, 235, 200, 165, 130, 131, 166, 167, 132, 131, 130, 165, 200, 235, 234, 269, 304, 303, 302, 267, 266, 265, 264, 263, 262, 297, 262, 227, 226, 191, 226, 227]
[477, 478, 443, 408, 373, 374, 339, 304, 269, 234, 235, 200, 165, 130, 95, 60, 61, 26, 27]
[265, 264, 263, 262, 297, 296, 331, 330, 331, 366, 401, 436]
[788, 753, 718, 717]
[824, 823, 788, 789, 754, 719]
[796, 795, 796, 761, 760, 759, 724, 723, 724, 723, 688, 687, 722, 721, 720, 685, 720]
[755, 754, 719, 718, 717, 716, 717, 718, 719, 720, 755, 720, 719, 718, 717, 716, 717, 716, 717, 752, 753, 754, 719, 684, 719]
[547, 548, 547, 548, 513, 478, 443, 444, 409, 374]
[823, 788, 789, 824, 859, 894, 929, 964, 999, 1034, 1033, 1068, 1103, 1138, 1173, 1208, 1207]
[585, 584, 583, 618, 653, 652, 687, 722, 721, 720, 685, 684]
[693, 658, 657, 692, 691, 690, 725, 760, 795, 794, 793, 828, 827, 826, 791, 790, 789, 824, 789, 788]
[717, 752, 753, 788, 823, 788, 789, 824, 859, 858, 857, 892, 893, 928, 963]
[754, 719, 718, 717, 716, 681, 646, 645]
[684, 683, 648, 649, 650]
[509, 544, 545, 510, 511, 476, 477, 442, 477, 478, 443, 408, 373, 374, 339, 304]
[644, 609, 574, 573, 538, 539, 504, 503, 468, 433, 398, 363, 362]
[754, 719, 684, 649, 614, 579, 544, 545, 510, 475, 476, 475, 440]
[505, 504, 503, 468, 433, 434, 399, 400, 401, 402, 403, 368, 369, 404, 405, 406, 407, 442, 443, 478, 513]
